mapId	name	levelLimit	generalMap	linemaxPlayers	birthPointType	birthPoint	birthCameraType	mapResName	backMusic	mapDesc	recBattle	mapIcon	chapterId	chapterName	chapterResId	chapterStarNum	timeLimit	lastTaskId	lastDungeonId	dungeonType	commonReward	award1	award2	award3	victoryConditions	starConditions	vitality	mapConfig	showFinishAni	uiScale	uiOffset
10000	刘家集	1	1	100	1	91.36,48.43,75.85	0,11,-9,60,66	LJJ	1001	刘家集常规地图	5000	icon	1	小渔村	202001	30	300	0	0	1	0	0	0	0	3,100,1,100秒内通关;	1,100,1,100秒内通关;1,100,1,100秒内通关;	0	10001	1	1.2	-2
10001	刘家集	1	5	1	1	91.36,48.43,75.85	0,11,-9,60,66	LJJ	1001	刘家集杀山贼副本	5000	icon	1	小渔村	202001	30	300	0	0	1	0	0	0	0	3,,0,杀死所有野猴;	3,,0,杀死山贼头领;3,,0,杀死山贼头领;	0	10001	1	1.2	-2
10002	刘家集	1	5	1	1	91.36,48.43,75.85	0,11,-9,60,66	LJJ	1001	刘家集杀地痞副本	5000	icon	1	小渔村	202001	30	300	0	0	1	0	0	0	0	3,,0,杀死所有士兵;	3,,0,杀死山贼头领;3,,0,杀死山贼头领;	0	10002	1	1.2	-2
10003	刘家集	1	5	1	1	91.36,48.43,75.85	0,11,-9,60,66	LJJ	1001	刘家集挑战铁皮侠副本	5000	icon	1	小渔村	202001	30	300	0	0	1	0	0	0	0	3,,0,杀死所有地痞;	3,,0,杀死山贼头领;3,,0,杀死山贼头领;	0	10003	1	1.2	-2
10004	刘家集	1	5	1	1	91.36,48.43,75.85	0,11,-9,60,66	LJJ	1001	刘家集挑刺探营地	5000	icon	1	小渔村	202001	30	300	0	0	1	0	0	0	0	3,,0,杀死铁面侠;	3,,0,杀死山贼头领;3,,0,杀死山贼头领;	0	10004	1	1.2	-2
10005	刘家集	1	5	1	1	91.36,48.43,75.85	0,11,-9,60,66	LJJ	1001	刘家集挑刺探营地	5000	icon	1	小渔村	202001	30	300	0	0	1	0	0	0	0	3,,0,救助受困的游客;	3,,0,杀死山贼头领;3,,0,杀死山贼头领;	0	10005	1	1.2	-2
10006	刘家集	1	5	1	1	91.36,48.43,75.85	0,11,-9,60,66	LJJ	1001	刘家集挑刺探营地	5000	icon	1	小渔村	202001	30	300	0	0	1	0	0	0	0	3,,0,救助受困的游客;	3,,0,杀死山贼头领;3,,0,杀死山贼头领;	0	10006	1	1.2	-2
10010	开封城	20	1	100	1	13.57,56.88,-31.94	0,11,-9,60,180	KFF	1001	开封城常规地图	5000	icon	1	开封城	202001	30	300	0	0	1	0	0	0	0	3,,0,救助游客;	3,,0,杀死山贼头领;3,,0,杀死山贼头领;	0	10010	1	1.2	-2
10011	开封城	1	5	1	1	13.57,56.88,-31.94	0,11,-9,60,180	KFF	1001	开封城教训狐朋狗友	5000	icon	1	开封城	202001	30	300	0	0	1	0	0	0	0	3,,0,教训狐朋狗友;	3,,0,杀死山贼头领;3,,0,杀死山贼头领;	0	10011	1	1.2	-2
10012	开封城	1	5	1	1	13.57,56.88,-31.94	0,11,-9,60,180	KFF	1001	开封城协助开封守将击败刺客	5000	icon	1	开封城	202001	30	300	0	0	1	0	0	0	0	3,,0,协助消灭所有刺客;	3,,0,杀死山贼头领;3,,0,杀死山贼头领;	0	10012	1	1.2	-2
10013	开封城	1	5	1	1	13.57,56.88,-31.94	0,11,-9,60,180	KFF	1001	开封城与萧乔切磋	5000	icon	1	开封城	202001	30	300	0	0	1	0	0	0	0	3,,0,与萧乔切磋;	3,,0,杀死山贼头领;3,,0,杀死山贼头领;	0	10013	1	1.2	-2
10014	开封城	1	5	1	1	13.57,56.88,-31.94	0,11,-9,60,180	KFF	1001	开封城保护百事通	5000	icon	1	开封城	202001	30	300	0	0	1	0	0	0	0	3,,0,保护百事通;	3,,0,杀死山贼头领;3,,0,杀死山贼头领;	0	10014	1	1.2	-2
10015	开封城	1	5	1	1	13.57,56.88,-31.94	0,11,-9,60,180	KFF	1001	开封城协助守将守城	5000	icon	1	开封城	202001	30	300	0	0	1	0	0	0	0	3,,0,保护百事通;	3,,0,杀死山贼头领;3,,0,杀死山贼头领;	0	10015	1	1.2	-2
10016	开封城	1	5	1	1	13.57,56.88,-31.94	0,11,-9,60,180	KFF	1001	开封府江湖切磋	5000	icon	1	开封城	202001	30	300	0	0	1	0	0	0	0	3,,0,与神秘壮汉切磋;	3,,0,杀死山贼头领;3,,0,杀死山贼头领;	0	10016	1	1.2	-2
10017	开封城	1	5	1	1	13.57,56.88,-31.94	0,11,-9,60,180	KFF	1001	开封府江湖切磋	5000	icon	1	开封城	202001	30	300	0	0	1	0	0	0	0	3,,0,击败街道恶霸;	3,,0,杀死山贼头领;3,,0,杀死山贼头领;	0	10017	1	1.2	-2
10018	开封城	1	5	1	1	13.57,56.88,-31.94	0,11,-9,60,180	KFF	1001	开封府守护之战	5000	icon	1	开封城	202001	30	300	0	0	1	0	0	0	0	2,35|2000087|2000088,0,协助击败入侵野兽;	3,,0,杀死山贼头领;3,,0,杀死山贼头领;	0	10018	1	1.2	-2
10019	聚义堡	30	1	1	1	139.90,15.20,45	0,11,-9,60,326	JYB	1001	聚义堡战后地图	5000	icon	1	聚义堡	202001	30	300	0	0	1	0	0	0	0	3,,0,协助消灭所有刺客;	3,,0,杀死所有刺客;3,,0,杀死所有刺客;	0	10019	1	1.2	-2
10020	聚义堡	30	1	100	1	139.90,15.20,45	0,11,-9,60,326	JYB	1001	聚义堡常规地图	5000	icon	1	聚义堡	202001	30	300	0	0	1	0	0	0	0	3,,0,杀死所有野猴;	3,,0,杀死所有野猴;3,,0,杀死所有野猴;	0	10020	1	1.2	-2
10021	聚义堡	30	1	1	1	139.90,15.20,45	0,11,-9,60,326	JYB	1001	聚义堡拜会地图	5000	icon	1	聚义堡	202001	30	300	0	0	1	0	0	0	0	3,,0,教训狐朋狗友;	3,,0,教训狐朋狗友;3,,0,教训狐朋狗友;	0	10021	1	1.2	-2
10022	聚义堡	1	5	1	1	139.90,15.20,45	0,11,-9,60,326	JYB	1001	开始营救弟子副本	5000	icon	1	聚义堡	202001	30	300	0	0	1	0	0	0	0	3,,0,与萧乔切磋;	3,,0,杀死所有怪物;3,,0,杀死所有怪物;	0	10022	1	1.2	-2
10023	聚义堡	1	5	1	1	139.90,15.20,45	0,11,-9,60,326	JYB	1001	挑战花为荣副本	5000	icon	1	聚义堡	202001	30	300	0	0	1	0	0	0	0	3,,0,保护百事通;	3,,0,杀死所有怪物;3,,0,杀死所有怪物;	0	10023	1	1.2	-2
10024	聚义堡	1	5	1	1	139.90,15.20,45	0,11,-9,60,326	JYB	1001	营救村民副本	5000	icon	1	聚义堡	202001	30	300	0	0	1	0	0	0	0	3,,0,与萧乔切磋;	3,,0,杀死所有怪物;3,,0,杀死所有怪物;	0	10024	1	1.2	-2
10025	聚义堡	1	5	1	1	139.90,15.20,45	0,11,-9,60,326	JYB	1001	挑战铁蜻蜓副本	5000	icon	1	聚义堡	202001	30	300	0	0	1	0	0	0	0	3,,0,保护百事通;	3,,0,杀死所有怪物;3,,0,杀死所有怪物;	0	10025	1	1.2	-2
10026	聚义堡	1	5	1	1	139.90,15.20,45	0,11,-9,60,326	JYB	1001	挑战慕容家将副本	5000	icon	1	聚义堡	202001	30	300	0	0	1	0	0	0	0	3,,0,保护百事通;	3,,0,杀死所有怪物;3,,0,杀死所有怪物;	0	10026	1	1.2	-2
10027	聚义堡	1	5	1	1	139.90,15.20,45	0,11,-9,60,326	JYB	1001	切磋段青阳	5000	icon	1	聚义堡	202001	30	300	0	0	1	0	0	0	0	3,,0,与萧乔切磋;	3,,0,杀死所有怪物;3,,0,杀死所有怪物;	0	10027	1	1.2	-2
10028	聚义堡	1	5	1	1	139.90,15.20,45	0,11,-9,60,326	JYB	1001	切磋萧乔	5000	icon	1	聚义堡	202001	30	300	0	0	1	0	0	0	0	3,,0,保护百事通;	3,,0,杀死所有怪物;3,,0,杀死所有怪物;	0	10028	1	1.2	-2
10029	聚义堡	1	5	1	1	139.90,15.20,45	0,11,-9,60,326	JYB	1001	大战神秘人	5000	icon	1	聚义堡	202001	30	300	0	0	1	0	0	0	0	3,,0,大战神秘人;	3,,0,杀死所有怪物;3,,0,杀死所有怪物;	0	10029	1	1.2	-2
10030	聚义堡	1	5	1	1	139.90,15.20,45	0,11,-9,60,326	JYB	1001	血战高僧	5000	icon	1	聚义堡	202001	30	300	0	0	1	0	0	0	0	3,,0,血战高僧;	3,,0,杀死所有怪物;3,,0,杀死所有怪物;	0	10030	1	1.2	-2
10031	开封城	1	5	1	1	13.57,56.88,-31.94	0,11,-9,60,180	KFF	1001	切磋萧律	5000	icon	1	聚义堡	202001	30	300	0	0	1	0	0	0	0	3,,0,尽力而为;	3,,0,杀死所有怪物;3,,0,杀死所有怪物;	0	10031	1	1.2	-2
10032	开封城	1	5	1	1	13.57,56.88,-31.94	0,11,-9,60,180	KFF	1001	切磋百事通	5000	icon	1	聚义堡	202001	30	300	0	0	1	0	0	0	0	3,,0,血战番僧;	3,,0,杀死所有怪物;3,,0,杀死所有怪物;	0	10032	1	1.2	-2
10033	开封城	1	5	1	1	13.57,56.88,-31.94	0,11,-9,60,180	KFF	1001	切磋江湖壮汉	5000	icon	1	聚义堡	202001	30	300	0	0	1	0	0	0	0	3,,0,力敌神秘人;	3,,0,杀死所有怪物;3,,0,杀死所有怪物;	0	10033	1	1.2	-2
10034	开封城	1	5	1	1	13.57,56.88,-31.94	0,11,-9,60,180	KFF	1001	军营历练（开封守将）	5000	icon	1	聚义堡	202001	30	300	0	0	1	0	0	0	0	3,,0,力敌神秘人;	3,,0,杀死所有怪物;3,,0,杀死所有怪物;	0	10034	1	1.2	-2
10035	刘家集	1	5	1	1	91.36,48.43,75.85	0,11,-9,60,66	LJJ	1001	地痞骚扰（阿姐）	5000	icon	1	聚义堡	202001	30	300	0	0	1	0	0	0	0	3,,0,力敌神秘人;	3,,0,杀死所有怪物;3,,0,杀死所有怪物;	0	10035	1	1.2	-2
10036	刘家集	1	5	1	1	91.36,48.43,75.85	0,11,-9,60,66	LJJ	1001	野兽暴乱（大山）	5000	icon	1	聚义堡	202001	30	300	0	0	1	0	0	0	0	3,,0,力敌神秘人;	3,,0,杀死所有怪物;3,,0,杀死所有怪物;	0	10036	1	1.2	-2
10037	刘家集	1	5	1	1	91.36,48.43,75.85	0,11,-9,60,66	LJJ	1001	神秘人（大山）	5000	icon	1	聚义堡	202001	30	300	0	0	1	0	0	0	0	3,,0,力敌神秘人;	3,,0,杀死所有怪物;3,,0,杀死所有怪物;	0	10037	1	1.2	-2
10038	刘家集	1	5	1	1	91.36,48.43,75.85	0,11,-9,60,66	LJJ	1001	神秘人来袭（刘叔）	5000	icon	1	聚义堡	202001	30	300	0	0	1	0	0	0	0	3,,0,力敌神秘人;	3,,0,杀死所有怪物;3,,0,杀死所有怪物;	0	10038	1	1.2	-2
10039	刘家集	1	5	1	1	91.36,48.43,75.85	0,11,-9,60,66	LJJ	1001	邀请铁面（铁面侠）	5000	icon	1	聚义堡	202001	30	300	0	0	1	0	0	0	0	3,,0,力敌神秘人;	3,,0,杀死所有怪物;3,,0,杀死所有怪物;	0	10039	1	1.2	-2
10040	刘家集	1	5	1	1	91.36,48.43,75.85	0,11,-9,60,66	LJJ	1001	疯狂地痞（阿姐，铁面协助）	5000	icon	1	聚义堡	202001	30	300	0	0	1	0	0	0	0	3,,0,力敌神秘人;	3,,0,杀死所有怪物;3,,0,杀死所有怪物;	0	10040	1	1.2	-2
10041	刘家集	1	5	1	1	91.36,48.43,75.85	0,11,-9,60,66	LJJ	1001	神秘人来袭（阿姐，铁面协助）	5000	icon	1	聚义堡	202001	30	300	0	0	1	0	0	0	0	3,,0,力敌神秘人;	3,,0,杀死所有怪物;3,,0,杀死所有怪物;	0	10041	1	1.2	-2
10042	开封城	1	5	1	1	13.57,56.88,-31.94	0,11,-9,60,180	KFF	1001	神秘人（百事通，守卫协助）	5000	icon	1	聚义堡	202001	30	300	0	0	1	0	0	0	0	3,,0,力敌神秘人;	3,,0,杀死所有怪物;3,,0,杀死所有怪物;	0	10042	1	1.2	-2
10043	开封城	1	5	1	1	13.57,56.88,-31.94	0,11,-9,60,180	KFF	1001	西夏乱军（百事通，守卫协助）	5000	icon	1	聚义堡	202001	30	300	0	0	1	0	0	0	0	3,,0,力敌神秘人;	3,,0,杀死所有怪物;3,,0,杀死所有怪物;	0	10043	1	1.2	-2
10044	开封城	1	5	1	1	13.57,56.88,-31.94	0,11,-9,60,180	KFF	1001	蒙面刺客（段万里协助）	5000	icon	1	聚义堡	202001	30	300	0	0	1	0	0	0	0	3,,0,力敌神秘人;	3,,0,杀死所有怪物;3,,0,杀死所有怪物;	0	10044	1	1.2	-2
10045	开封城	1	5	1	1	13.57,56.88,-31.94	0,11,-9,60,180	KFF	1001	切磋（慧觉大师）	5000	icon	1	聚义堡	202001	30	300	0	0	1	0	0	0	0	3,,0,力敌神秘人;	3,,0,杀死所有怪物;3,,0,杀死所有怪物;	0	10045	1	1.2	-2
10046	聚义堡	1	5	1	1	139.90,15.20,45	0,11,-9,60,326	JYB	1001	毛小劈协助	5000	icon	1	聚义堡	202001	30	300	0	0	1	0	0	0	0	3,,0,力敌神秘人;	3,,0,杀死所有怪物;3,,0,杀死所有怪物;	0	10046	1	1.2	-2
10047	聚义堡	1	5	1	1	139.90,15.20,45	0,11,-9,60,326	JYB	1001	山贼+铁蜻蜓	5000	icon	1	聚义堡	202001	30	300	0	0	1	0	0	0	0	3,,0,力敌神秘人;	3,,0,杀死所有怪物;3,,0,杀死所有怪物;	0	10047	1	1.2	-2
10048	聚义堡	1	5	1	1	139.90,15.20,45	0,11,-9,60,326	JYB	1001	阿红幻影	5000	icon	1	聚义堡	202001	30	300	0	0	1	0	0	0	0	3,,0,力敌神秘人;	3,,0,杀死所有怪物;3,,0,杀死所有怪物;	0	10048	1	1.2	-2
10049	聚义堡	1	5	1	1	139.90,15.20,45	0,11,-9,60,326	JYB	1001	乱军+铁蜻蜓	5000	icon	1	聚义堡	202001	30	300	0	0	1	0	0	0	0	3,,0,力敌神秘人;	3,,0,杀死所有怪物;3,,0,杀死所有怪物;	0	10049	1	1.2	-2
10050	大理	50	1	100	1	91.36,48.43,75.85	0,11,-9,60,66	LJJ	1001	大理	5000	icon	1	聚义堡	202001	30	300	0	0	1	0	0	0	0	3,,0,杀死所有野猴;	3,,0,杀死所有野猴;3,,0,杀死所有野猴;	0	10020	1	1.2	-2
10060	桃花岛	60	1	100	1	217,87.5,54	0,11,-9,60,0	THD_1	1001	桃花岛	5000	icon	1	聚义堡	202001	30	300	0	0	1	0	0	0	0	3,,0,杀死所有野猴;	3,,0,杀死所有野猴;3,,0,杀死所有野猴;	0	10020	1	1.2	-2
10070	秦皇古墓	70	1	100	1	217,87.5,54	0,11,-9,60,190	DG_1	1001	秦皇古墓	5000	icon	1	聚义堡	202001	30	300	0	0	1	0	0	0	0	3,,0,杀死所有野猴;	3,,0,杀死所有野猴;3,,0,杀死所有野猴;	0	10020	1	1.2	-2
10080	贺兰古墓	80	1	100	1	217,87.5,54	0,11,-9,60,102	DG_2	1001	贺兰古墓	5000	icon	1	聚义堡	202001	30	300	0	0	1	0	0	0	0	3,,0,杀死所有野猴;	3,,0,杀死所有野猴;3,,0,杀死所有野猴;	0	10020	1	1.2	-2
10090	梅庄	90	1	100	1	217,87.5,54	0,11,-9,60,0	THD	1001	梅庄	5000	icon	1	聚义堡	202001	30	300	0	0	1	0	0	0	0	3,,0,杀死所有野猴;	3,,0,杀死所有野猴;3,,0,杀死所有野猴;	0	10020	1	1.2	-2
10100	苏州	100	1	100	1	-1.23,56.11,0.96	0,11,-9,60,180	KFF	1001	苏州	5000	icon	1	聚义堡	202001	30	300	0	0	1	0	0	0	0	3,,0,杀死所有野猴;	3,,0,杀死所有野猴;3,,0,杀死所有野猴;	0	10020	1	1.2	-2
10110	绝情谷	110	1	100	1	139.90,15.20,45	0,11,-9,60,326	JYB	1001	绝情谷	5000	icon	1	聚义堡	202001	30	300	0	0	1	0	0	0	0	3,,0,杀死所有野猴;	3,,0,杀死所有野猴;3,,0,杀死所有野猴;	0	10020	1	1.2	-2
10120	西夏	120	1	100	1	217,87.5,54	0,11,-9,60,246	XY	1001	西夏	5000	icon	1	聚义堡	202001	30	300	0	0	1	0	0	0	0	3,,0,杀死所有野猴;	3,,0,杀死所有野猴;3,,0,杀死所有野猴;	0	10020	1	1.2	-2
10130	昆仑山	130	1	100	1	217,87.5,54	0,11,-9,60,246	XY_1	1001	昆仑山	5000	icon	1	聚义堡	202001	30	300	0	0	1	0	0	0	0	3,,0,杀死所有野猴;	3,,0,杀死所有野猴;3,,0,杀死所有野猴;	0	10020	1	1.2	-2
10140	少室山	140	1	100	1	139.90,15.20,45	0,11,-9,60,326	JYB	1001	少室山	5000	icon	1	聚义堡	202001	30	300	0	0	1	0	0	0	0	3,,0,杀死所有野猴;	3,,0,杀死所有野猴;3,,0,杀死所有野猴;	0	10020	1	1.2	-2
10150	欧阳山庄	150	1	100	1	217,87.5,54	0,11,-9,60,0	THD_2	1001	欧阳山庄	5000	icon	1	聚义堡	202001	30	300	0	0	1	0	0	0	0	3,,0,杀死所有野猴;	3,,0,杀死所有野猴;3,,0,杀死所有野猴;	0	10020	1	1.2	-2
10160	铁陀山	160	1	100	1	139.90,15.20,45	0,11,-9,60,326	JYB	1001	铁陀山	5000	icon	1	聚义堡	202001	30	300	0	0	1	0	0	0	0	3,,0,杀死所有野猴;	3,,0,杀死所有野猴;3,,0,杀死所有野猴;	0	10020	1	1.2	-2
10170	曼陀山庄	170	1	100	1	217,87.5,54	0,11,-9,60,0	THD_1	1001	曼陀山庄	5000	icon	1	聚义堡	202001	30	300	0	0	1	0	0	0	0	3,,0,杀死所有野猴;	3,,0,杀死所有野猴;3,,0,杀死所有野猴;	0	10020	1	1.2	-2
10180	恶人岭	180	1	100	1	217,87.5,54	0,11,-9,60,190	DG_1	1001	恶人岭	5000	icon	1	聚义堡	202001	30	300	0	0	1	0	0	0	0	3,,0,杀死所有野猴;	3,,0,杀死所有野猴;3,,0,杀死所有野猴;	0	10020	1	1.2	-2
10190	苗疆	190	1	100	1	217,87.5,54	0,11,-9,60,102	DG_2	1001	苗疆	5000	icon	1	聚义堡	202001	30	300	0	0	1	0	0	0	0	3,,0,杀死所有野猴;	3,,0,杀死所有野猴;3,,0,杀死所有野猴;	0	10020	1	1.2	-2
10200	预留1	200	1	100	1	139.90,15.20,45	0,11,-9,60,326	JYB	1001	预留1	5000	icon	1	聚义堡	202001	30	300	0	0	1	0	0	0	0	3,,0,杀死所有野猴;	3,,0,杀死所有野猴;3,,0,杀死所有野猴;	0	10020	1	1.2	-2
10210	预留2	210	1	100	1	139.90,15.20,45	0,11,-9,60,326	JYB	1001	预留2	5000	icon	1	聚义堡	202001	30	300	0	0	1	0	0	0	0	3,,0,杀死所有野猴;	3,,0,杀死所有野猴;3,,0,杀死所有野猴;	0	10020	1	1.2	-2
10220	预留3	220	1	100	1	139.90,15.20,45	0,11,-9,60,326	JYB	1001	预留3	5000	icon	1	聚义堡	202001	30	300	0	0	1	0	0	0	0	3,,0,杀死所有野猴;	3,,0,杀死所有野猴;3,,0,杀死所有野猴;	0	10020	1	1.2	-2
10230	预留4	230	1	100	1	139.90,15.20,45	0,11,-9,60,326	JYB	1001	预留4	5000	icon	1	聚义堡	202001	30	300	0	0	1	0	0	0	0	3,,0,杀死所有野猴;	3,,0,杀死所有野猴;3,,0,杀死所有野猴;	0	10020	1	1.2	-2
10240	预留5	240	1	100	1	139.90,15.20,45	0,11,-9,60,326	JYB	1001	预留5	5000	icon	1	聚义堡	202001	30	300	0	0	1	0	0	0	0	3,,1,杀死所有野猴;	3,,0,杀死所有野猴;3,,0,杀死所有野猴;	0	10020	1	1.2	-2
40000	初临桃花岛	1	4	1	1	217,87.5,54	0,11,-9,60,0	THD_1	1002	几日漂泊终达桃花岛，打探黄姑娘下落，进入岛上后发现道路被挡，只能寻找另外通路，小心岛上守卫的盘查	5000	img_jq101	1	桃花岛佳人	201002	30	300	0	0	1	0	2010001,1;2010007,1;0,250;5,250;	2012003,1;2012004,1;0,250;5,250;	2010004,1;2010007,1;0,250;5,250;	3,,1,击败所有怪物;	1,300,1,300秒内通关;5,0|10,1,自身血量高于10%;	0	40000	1	85	-210
40001	勇闯桃花岛	1	4	1	1	217,87.5,54	0,11,-9,60,90	THD_1	1002	路到尽头只能原路返还，小心躲过岛上守卫的盘查，保护误入岛内的姑娘离开	6000	img_jq102	1	桃花岛佳人	201002	30	300	0	40000	1	0	2010001,1;2010007,1;0,300;5,300;	2012003,1;2012004,1;0,300;5,300;	2010004,1;2010007,1;0,300;5,300;	3,,1,保护白衣姑娘;	1,300,1,300秒内通关;5,0|10,1,自身血量高于10%;	0	40001	1	85	-210
40002	智过机关阵	1	4	1	1	217,87.5,54	0,11,-9,60,0	THD_1	1002	岛连岛，美景中却透露着丝丝邪气，绕了半天有些迷路，不小心触发机关，小心应付	7500	img_jq103	1	桃花岛佳人	201002	30	300	0	40001	1	0	2010001,1;2010007,1;0,350;5,350;	2012003,1;2012004,1;0,350;5,350;	2010004,1;2010007,1;0,350;5,350;	3,,1,躲避机关通关关卡;	1,250,1,250秒内通关;5,0|20,1,自身血量高于20%;	0	40002	1	85	-210
40003	命悬利爪妖	1	4	1	1	217,87.5,54	0,11,-9,60,28	THD_1	1002	感觉又走到了死路，准备返回重寻出路，突然发现一个奇怪的身影，一阵冷风袭来，小心应战	8500	img_jq104	1	桃花岛佳人	201002	30	300	0	40002	2	0	2010001,1;2010007,1;0,400;5,400;	2012003,1;2012004,1;0,400;5,400;	2010004,1;2010007,1;0,400;5,400;	3,,1,击败所有怪物;	1,250,1,250秒内通关;5,0|20,1,自身血量高于20%;	0	40003	0	85	-210
40004	协助退兽潮	1	4	1	1	217,87.5,54	0,11,-9,60,0	THD_2	1002	感觉又走错了，越走越荒凉，好多野猴，突然前面几个人被好多猴子包围了，阿弥陀佛救人一命，胜造七级浮屠	9000	img_jq105	1	桃花岛佳人	201002	30	300	0	40003	1	0	2010001,1;2010007,1;0,450;5,450;	2012003,1;2012004,1;0,450;5,450;	2010004,1;2010007,1;0,450;5,450;	2,80|3000013|3000014|30000137|30000138,1,协助击败入侵野兽;	1,250,1,250秒内通关;5,0|30,1,自身血量高于30%;	0	40004	1	85	-210
40005	深入荒野岛	1	4	1	1	217,87.5,54	0,11,-9,60,0	THD_2	1002	感觉岛上野兽异常暴躁，跟随守卫一起去附近猴王领地查找下野兽暴躁的原因	9500	img_jq106	1	桃花岛佳人	201002	30	300	0	40004	1	0	2010001,2;2010007,1;0,500;5,500;	2012003,1;2012004,1;0,500;5,500;	2010004,1;2010007,1;0,500;5,500;	2,3|3000016,1,探索三处猴王领地;	1,250,1,250秒内通关;5,0|30,1,自身血量高于30%;	0	40005	1	85	-210
40006	恐怖牛头怪	1	4	1	1	217,87.5,54	0,11,-9,60,0	THD_2	1002	遇上这么恐怖一只牛头怪物，无路可以退，只能拼死一战，但求全身而退	10000	img_jq107	1	桃花岛佳人	201002	30	300	0	40005	2	0	2010001,2;2010007,1;0,550;5,550;	2012003,1;2012004,1;0,550;5,550;	2010004,1;2010007,1;0,550;5,550;	3,,1,打败所有怪物;	1,200,1,200秒内通关;5,0|40,1,自身血量高于40%;	0	40006	0	85	-210
40007	驾临桃花岛	1	4	1	1	217,87.5,54	0,11,-9,60,0	THD	1002	终于到了桃花岛，尽快寻找黄姑娘问清缘由，岛上戒备要森严很多，又遇到了之前遇到的铁臂人，全力击杀。	10500	img_jq108	1	桃花岛佳人	201002	30	300	0	40006	1	0	2010001,2;2010007,1;0,600;5,600;	2012003,1;2012004,1;0,600;5,600;	2010004,1;2010007,1;0,600;5,600;	2,1|3000021,1,打败桃花岛弟子铁臂;	1,200,1,200秒内通关;5,0|40,1,自身血量高于40%;	0	40007	1	85	-210
40008	傀儡机关阵	1	4	1	1	217,87.5,54	0,11,-9,60,0	THD	1002	感觉这个铁臂人又比之前厉害了，前方突然出现了很多傀儡木偶，黄姑娘就站在后面的凉亭内。	17000	img_jq109	1	桃花岛佳人	201002	30	300	0	40007	1	0	2010001,2;2010007,1;0,650;5,650;	2012003,1;2012004,1;0,650;5,650;	2010004,1;2010007,1;0,650;5,650;	3,,1,打败利爪;	1,200,1,200秒内通关;5,0|40,1,自身血量高于40%;	0	40008	0	85	-210
40009	桃岛大弟子	1	4	1	1	217,87.5,54	0,11,-9,60,0	THD	1002	一路追随黄姑娘，突然被人喝住，黄姑娘就在身后扮着鬼脸，一脸委屈的说梅师兄有人欺负她，看来这梁子结下了，全力一战	23000	img_jq110	1	桃花岛佳人	201002	30	300	0	40008	3	0	2010001,2;2010007,1;0,700;5,700;	2012003,1;2012004,1;0,700;5,700;	2010004,1;2010007,1;0,700;5,700;	2,1|3000028,1,打败梅玄风;	1,200,1,200秒内通关;5,0|40,1,自身血量高于40%;	0	40009	1	85	-210
40010	空寂荒野	1	4	1	1	217,87.5,54	0,11,-9,60,190	DG_1	1002	达到古墓所在地处处透露这诡异，注意安全	24000	img_jq201	2	勇闯尘封古墓	201003	30	300	0	40009	1	0	2010001,3;2010007,1;0,750;5,750;	2012003,1;2012004,1;0,750;5,750;	2010004,1;2010007,1;0,750;5,750;	3,,1,打败所有怪物;	1,150,1,150秒内通关;5,0|50,1,自身血量高于50%;	0	40010	1	130	-210
40011	机关石俑	1	4	1	1	217,87.5,54	0,11,-9,60,190	DG_1	1002	处处存在这神秘的石俑，感觉被种神秘的力量牵扯着，小心行事	28000	img_jq202	2	勇闯尘封古墓	201003	30	300	0	40010	1	0	2010001,3;2010007,1;0,800;5,800;	2012003,1;2012004,1;0,800;5,800;	2010004,1;2010007,1;0,800;5,800;	3,,1,打败所有怪物;	1,150,1,150秒内通关;5,0|50,1,自身血量高于50%;	0	40011	1	130	-210
40012	古墓入口	1	4	1	1	217,87.5,54	0,11,-9,60,190	DG_1	1002	达到古墓口，被一群石俑围住，小心应付	32000	img_jq203	2	勇闯尘封古墓	201003	30	300	0	40011	2	0	2010001,3;2010007,1;0,850;5,850;	2012003,1;2012004,1;0,850;5,850;	2010004,1;2010007,1;0,850;5,850;	3,,1,打败所有怪物;	1,100,1,100秒内通关;5,0|60,1,自身血量高于60%;	0	40012	1	130	-210
40013	墓道惊魂	1	4	1	1	217,87.5,54	0,11,-9,60,102	DG_2	1002	进入古墓，处处藏有致命陷阱，打碎石俑便可关闭机关	33000	img_jq204	2	勇闯尘封古墓	201003	30	300	0	40012	1	0	2010001,3;2010007,1;0,900;5,900;	2012003,1;2012004,1;0,900;5,900;	2010004,1;2010007,1;0,900;5,900;	3,,1,打败所有怪物;	1,100,1,100秒内通关;5,0|60,1,自身血量高于60%;	0	40013	1	130	-210
40014	古墓之后	1	4	1	1	217,87.5,54	0,11,-9,60,102	DG_2	1002	古墓内两条岔路，遇路左行，结果误入古墓之后领地，生死大战	33500	img_jq205	2	勇闯尘封古墓	201003	30	300	0	40013	1	0	2010001,3;2010007,1;0,950;5,950;	2012003,1;2012004,1;0,950;5,950;	2010004,1;2010007,1;0,950;5,950;	3,,1,打败所有怪物;	1,100,1,100秒内通关;5,0|60,1,自身血量高于60%;	0	40014	1	130	-210
40015	古墓守将	1	4	1	1	217,87.5,54	0,11,-9,60,102	DG_2	1002	守将会唤醒周围的守卫，在其唤醒守卫前击碎所有石像	34000	img_jq206	2	勇闯尘封古墓	201003	30	300	0	40014	2	0	2010001,4;2010007,1;0,1000;5,1000;	2012003,1;2012004,1;0,1000;5,1000;	2010004,1;2010007,1;0,1000;5,1000;	3,,1,打败所有怪物;	1,100,1,100秒内通关;5,0|60,1,自身血量高于60%;	0	40015	1	130	-210
40016	深入古墓	1	4	1	1	217,87.5,54	0,11,-9,60,94	DG_3	1002	好不容易冲出重围，突然发现一群古墓守卫拦住去路	39500	img_jq207	2	勇闯尘封古墓	201003	30	300	0	40015	1	0	2010001,4;2010007,1;0,1050;5,1050;	2012003,1;2012004,1;0,1050;5,1050;	2010004,1;2010007,1;0,1050;5,1050;	3,,1,打败所有怪物;	1,100,1,100秒内通关;5,0|60,1,自身血量高于60%;	0	40016	1	130	-210
40017	药奴围困	1	4	1	1	217,87.5,54	0,11,-9,60,94	DG_3	1002	古墓内还有其他神秘人，被一群药奴围困，冲出包围	40000	img_jq208	2	勇闯尘封古墓	201003	30	300	0	40016	1	0	2010001,4;2010007,1;0,1100;5,1100;	2012003,1;2012004,1;0,1100;5,1100;	2010004,1;2010007,1;0,1100;5,1100;	2,52|3000062|3000063,1,击败围困药奴;	1,100,1,100秒内通关;5,0|60,1,自身血量高于60%;	0	40017	1	130	-210
40018	石俑迷阵	1	4	1	1	217,87.5,54	0,11,-9,60,265	DG_3	1002	击杀石俑可以关闭机关，注意后面石俑阵，不靠近石俑便不会激活使用	45000	img_jq209	2	勇闯尘封古墓	201003	30	300	0	40017	3	0	2010001,4;2010007,1;0,1150;5,1150;	2012003,1;2012004,1;0,1150;5,1150;	2010004,1;2010007,1;0,1150;5,1150;	2,1|3000071,1,击败石俑统帅;	1,100,1,100秒内通关;5,0|60,1,自身血量高于60%;	0	40018	1	130	-210
40019	古墓之王	1	4	1	1	217,87.5,54	0,11,-9,60,265	DG_3	1002	古墓之王就在眼前，击败古墓之王	50000	img_jq210	2	勇闯尘封古墓	201003	30	300	0	40018	1	0	2010001,4;2010007,1;0,1200;5,1200;	2012003,1;2012004,1;0,1200;5,1200;	2010004,1;2010007,1;0,1200;5,1200;	3,,1,打败秦皇;	1,100,1,100秒内通关;5,0|60,1,自身血量高于60%;	0	40019	1	130	-210
40020	激战铁面	1	4	1	1	217,87.5,54	0,11,-9,60,246	XY	1002	与英雄齐聚西夏大漠，比武招亲展现江湖儿女情	60000	img_jq301	3	大漠比武招亲	201001	30	300	0	40019	1	0	2010001,5;2010007,1;0,1250;5,1250;	2012003,1;2012004,1;0,1250;5,1250;	2010004,1;2010007,1;0,1250;5,1250;	3,,1,打败所有怪物;	1,100,1,100秒内通关;5,0|60,1,自身血量高于60%;	0	40020	1	60	-150
40021	驱逐野兽	1	4	1	1	217,87.5,54	0,11,-9,60,246	XY	1002	世间险恶，强盗横行霸道，只等英雄来相除	75000	img_jq302	3	大漠比武招亲	201001	30	300	0	40020	3	0	2010001,5;2010007,1;0,1300;5,1300;	2012003,1;2012004,1;0,1300;5,1300;	2010004,1;2010007,1;0,1300;5,1300;	3,,1,打败所有怪物;	1,100,1,100秒内通关;5,0|60,1,自身血量高于60%;	0	40021	1	60	-150
40022	两军对垒	1	4	1	1	217,87.5,54	0,11,-9,60,246	XY	1002	怪兽光天化日之下屠杀村庄居民，盼得英雄来相助	90000	img_jq303	3	大漠比武招亲	201001	30	300	0	40021	1	0	2010001,5;2010007,1;0,1350;5,1350;	2012003,1;2012004,1;0,1350;5,1350;	2010004,1;2010007,1;0,1350;5,1350;	3,,1,打败所有怪物;	1,100,1,100秒内通关;5,0|60,1,自身血量高于60%;	0	40022	1	60	-150
40023	侠义之士	1	4	1	1	217,87.5,54	0,11,-9,60,246	XY_1	1002	西夏偶遇男神虚竹，保护虚竹不受伤害	110000	img_jq304	3	大漠比武招亲	201001	30	300	0	40022	1	0	2010001,5;2010007,1;0,1400;5,1400;	2012003,1;2012004,1;0,1400;5,1400;	2010004,1;2010007,1;0,1400;5,1400;	3,,1,打败所有怪物;	1,100,1,100秒内通关;5,0|60,1,自身血量高于60%;	0	40023	1	60	-150
40024	怒驱恶兵	1	4	1	1	217,87.5,54	0,11,-9,60,246	XY_1	1002	与败将试炼比武招亲，堪称赛前热身	130000	img_jq305	3	大漠比武招亲	201001	30	300	0	40023	3	0	2010001,5;2010007,1;0,1450;5,1450;	2012003,1;2012004,1;0,1450;5,1450;	2010004,1;2010007,1;0,1450;5,1450;	3,,1,打败所有怪物;	1,100,1,100秒内通关;5,0|60,1,自身血量高于60%;	0	40024	1	60	-150
40025	识破阴谋	1	4	1	1	217,87.5,54	0,11,-9,60,246	XY_1	1002	破除层层困难，识破李秋水假面目	150000	img_jq306	3	大漠比武招亲	201001	30	300	0	40024	1	0	2010001,5;2010007,1;0,1500;5,1500;	2012003,1;2012004,1;0,1500;5,1500;	2010004,1;2010007,1;0,1500;5,1500;	2,1|3000110,1,打败李秋子;	1,100,1,100秒内通关;5,0|60,1,自身血量高于60%;	0	40025	1	60	-150
40026	卫兵盘问	1	4	1	1	217,87.5,54	0,11,-9,60,94	XY_3	1002	卫兵挡住去路，王子派来的？	170000	img_jq307	3	大漠比武招亲	201001	30	300	0	40025	1	0	2010001,5;2010007,1;0,1550;5,1550;	2012003,1;2012004,1;0,1550;5,1550;	2010004,1;2010007,1;0,1550;5,1550;	2,1|3000116,1,打败西夏大将军;	1,100,1,100秒内通关;5,0|60,1,自身血量高于60%;	0	40026	1	60	-150
40027	王子拦路	1	4	1	1	217,87.5,54	0,11,-9,60,94	XY_3	1002	王子三次考验英雄，只待验证真功夫	190000	img_jq308	3	大漠比武招亲	201001	30	300	0	40026	3	0	2010001,5;2010007,1;0,1600;5,1600;	2012003,1;2012004,1;0,1600;5,1600;	2010004,1;2010007,1;0,1600;5,1600;	2,1|3000121,1,打败西夏王子;	1,100,1,100秒内通关;5,0|60,1,自身血量高于60%;	0	40027	1	60	-150
40028	解救公主	1	4	1	1	217,87.5,54	0,11,-9,60,94	XY_3	1002	空竹临阵传功相助，待英雄解救真公主	210000	img_jq309	3	大漠比武招亲	201001	30	300	0	40027	3	0	2010001,5;2010007,1;0,1650;5,1650;	2012003,1;2012004,1;0,1650;5,1650;	2010004,1;2010007,1;0,1650;5,1650;	3,,1,打败所有怪物;	1,100,1,100秒内通关;5,0|60,1,自身血量高于60%;	0	40028	1	60	-150
40029	美人归心	1	4	1	1	217,87.5,54	0,11,-9,60,94	XY_3	1002	施展硬功夫，博得全场喝彩	230000	img_jq310	3	大漠比武招亲	201001	30	300	0	40028	1	0	2010001,5;2010007,1;0,1700;5,1700;	2012003,1;2012004,1;0,1700;5,1700;	2010004,1;2010007,1;0,1700;5,1700;	3,,1,打败所有怪物;	1,100,1,100秒内通关;5,0|60,1,自身血量高于60%;	0	40029	1	60	-150
40030	刘家集告急	1	4	1	1	217,87.5,54	0,11,-9,60,66	LJJ	1002	突然，天空乌云密布电闪雷鸣，预料江湖将有大事发生	250000	img_jq401	4	收复皇城失地	203304	30	300	0	40029	1	0	2010001,5;2010007,1;0,1750;5,1750;	2012003,1;2012004,1;0,1750;5,1750;	2010004,1;2010007,1;0,1750;5,1750;	2,1|3000136,1,击败残暴牛头怪;	1,100,1,100秒内通关;5,0|60,1,自身血量高于60%;	0	40030	1	130	-210
40031	跟踪白老虎	1	4	1	1	217,87.5,54	0,11,-9,60,66	LJJ	1002	群魔疯狂突袭刘家集，势必有什么大阴谋	270000	img_jq402	4	收复皇城失地	203304	30	300	0	40030	3	0	2010001,5;2010007,1;0,1800;5,1800;	2012003,1;2012004,1;0,1800;5,1800;	2010004,1;2010007,1;0,1800;5,1800;	2,2|3000141,1,击败2只白老虎;	1,100,1,100秒内通关;5,0|60,1,自身血量高于60%;	0	40031	1	130	-210
40032	血战西夏军	1	4	1	1	217,87.5,54	0,11,-9,60,66	LJJ	1002	大侠突降来降妖，解救村民义不容辞	300000	img_jq402	4	收复皇城失地	203304	30	300	0	40031	1	0	2010001,5;2010007,1;0,1850;5,1850;	2012003,1;2012004,1;0,1850;5,1850;	2010004,1;2010007,1;0,1850;5,1850;	2,1|3000147,1,打败刺客头领;	1,100,1,100秒内通关;5,0|60,1,自身血量高于60%;	0	40032	1	130	-210
40033	突破拦截军	1	4	1	1	217,87.5,54	0,11,-9,60,66	LJJ	1002	突闻皇城也遭殃，等各路英雄齐拯救	320000	img_jq403	4	收复皇城失地	203304	30	300	0	40032	1	0	2010001,5;2010007,1;0,1900;5,1900;	2012003,1;2012004,1;0,1900;5,1900;	2010004,1;2010007,1;0,1900;5,1900;	2,1|3000151,1,击败药奴;	1,100,1,100秒内通关;5,0|60,1,自身血量高于60%;	0	40033	1	130	-210
40034	报仇雪恨时	1	4	1	1	217,87.5,54	0,11,-9,60,66	LJJ	1002	八方英雄来相助，收复失地指日可待	340000	img_jq403	4	收复皇城失地	203304	30	300	0	40033	3	0	2010001,5;2010007,1;0,1950;5,1950;	2012003,1;2012004,1;0,1950;5,1950;	2010004,1;2010007,1;0,1950;5,1950;	2,1|3000155,1,击败西夏大将军;	1,100,1,100秒内通关;5,0|60,1,自身血量高于60%;	0	40034	1	130	-210
40035	皇城被侵占	1	4	1	1	217,87.5,54	0,11,-9,60,180	KFF	1002	大侠步步为营，小心谨慎探明真相	350000	img_jq404	4	收复皇城失地	203304	30	300	0	40034	1	0	2010001,5;2010007,1;0,2000;5,2000;	2012003,1;2012004,1;0,2000;5,2000;	2010004,1;2010007,1;0,2000;5,2000;	3,,1,打败所有怪物;	1,100,1,100秒内通关;5,0|60,1,自身血量高于60%;	0	40035	1	130	-210
40036	激战皇城左	1	4	1	1	217,87.5,54	0,11,-9,60,180	KFF	1002	击杀万恶小头目，逼问城内虚实	360000	img_jq405	4	收复皇城失地	203304	30	300	0	40035	1	0	2010001,5;2010007,1;0,2050;5,2050;	2012003,1;2012004,1;0,2050;5,2050;	2010004,1;2010007,1;0,2050;5,2050;	3,,1,打败所有怪物;	1,100,1,100秒内通关;5,0|60,1,自身血量高于60%;	0	40036	1	130	-210
40037	清理皇城右	1	4	1	1	217,87.5,54	0,11,-9,60,180	KFF	1002	深入皇城内部，解救老百姓	370000	img_jq404	4	收复皇城失地	203304	30	300	0	40036	3	0	2010001,5;2010007,1;0,2100;5,2100;	2012003,1;2012004,1;0,2100;5,2100;	2010004,1;2010007,1;0,2100;5,2100;	3,,1,打败所有怪物;	6,3000168|80,1,星尘大师血量多于80%;5,0|60,1,自身血量高于60%;	0	40037	1	130	-210
40038	决战的前夕	1	4	1	1	217,87.5,54	0,11,-9,60,180	KFF	1002	少林大师被囚禁，骁勇来搭救	380000	img_jq405	4	收复皇城失地	203304	30	300	0	40037	3	0	2010001,5;2010007,1;0,2150;5,2150;	2012003,1;2012004,1;0,2150;5,2150;	2010004,1;2010007,1;0,2150;5,2150;	2,1|3000177,1,击败西夏剑皇;	1,100,1,100秒内通关;5,0|60,1,自身血量高于60%;	0	40038	1	130	-210
40039	最后的决战	1	4	1	1	217,87.5,54	0,11,-9,60,180	KFF	1002	找到怪兽头领，揭穿占领皇城阴谋	400000	img_jq406	4	收复皇城失地	203304	30	300	0	40038	1	0	2010001,5;2010007,1;0,2200;5,2200;	2012003,1;2012004,1;0,2200;5,2200;	2010004,1;2010007,1;0,2200;5,2200;	2,1|3000184,1,打败西夏震国公;	1,100,1,100秒内通关;5,0|60,1,自身血量高于60%;	0	40039	1	130	-210
40200	测试场景	1	3	100	1	212,335;	0,11,-9,60,0	XSC	1002	小渔村的道具描述	5000	icon	3	小渔村	202001	30	300	0	0	1	0	0,1111;0,1111;	0	5,3333;5,3333;	1,100,1,121秒内通关;	1,100,1,100秒内通关;1,100,1,100秒内通关;	0	40000	1	2.63	-2
70000	偶遇铁面侠	1	7	1	1	217,87.5,54	0,11,-9,60,236	DHM	1002	大漠孤烟直,长河落日圆。安静的欣赏这异域荒漠的美景，突然铁皮人带着几个小跟班出现了，好煞风景	5000	img_jq101	1	茫茫大荒漠	201000	30	300	0	0	1	0	0	0	0	3,,1,击败铁面侠;	1,300,0,300秒内通关;5,0|1,0,自身血量高于1%;	0	70000	1	1.2	-2
70001	偶遇铁面侠	1	7	1	1	217,87.5,54	0,11,-9,60,236	DHM	1002	大漠孤烟直,长河落日圆。安静的欣赏这异域荒漠的美景，突然铁皮人带着几个小跟班出现了，好煞风景	5000	img_jq101	1	茫茫大荒漠	201000	30	300	0	0	1	0	0	0	0	3,,1,击败铁面侠;	1,300,0,300秒内通关;5,0|1,0,自身血量高于1%;	0	70000	1	1.2	-2
70002	偶遇铁面侠	1	7	1	1	217,87.5,54	0,11,-9,60,236	DHM	1002	大漠孤烟直,长河落日圆。安静的欣赏这异域荒漠的美景，突然铁皮人带着几个小跟班出现了，好煞风景	5000	img_jq101	1	茫茫大荒漠	201000	30	300	0	0	1	0	0	0	0	3,,1,击败铁面侠;	1,300,0,300秒内通关;5,0|1,0,自身血量高于1%;	0	70000	1	1.2	-2
70003	惊心战心魔	1	7	1	1	217,87.5,54	0,11,-9,60,236	DHM	1002	入江湖越久，心魔越重，在这荒凉大漠中都能遇到心魔发作，也罢也罢，挑战心魔，磨练心性	5000	img_jq101	1	荒漠战心魔	203102	30	300	0	0	1	0	0	0	0	3,,1,击败心魔;	1,300,0,300秒内通关;5,0|1,0,自身血量高于1%;	0	70003	1	1.2	-2
70004	惊心战心魔	1	7	1	1	217,87.5,54	0,11,-9,60,236	DHM	1002	入江湖越久，心魔越重，在这荒凉大漠中都能遇到心魔发作，也罢也罢，挑战心魔，磨练心性	5000	img_jq101	1	荒漠战心魔	203102	30	300	0	0	1	0	0	0	0	3,,1,击败心魔;	1,300,0,300秒内通关;5,0|1,0,自身血量高于1%;	0	70003	1	1.2	-2
70005	惊心战心魔	1	7	1	1	217,87.5,54	0,11,-9,60,236	DHM	1002	入江湖越久，心魔越重，在这荒凉大漠中都能遇到心魔发作，也罢也罢，挑战心魔，磨练心性	5000	img_jq101	1	荒漠战心魔	203102	30	300	0	0	1	0	0	0	0	3,,1,击败心魔;	1,300,0,300秒内通关;5,0|1,0,自身血量高于1%;	0	70003	1	1.2	-2
80001	英雄救美	1	7	1	1	217,87.5,54	0,11,-9,60,236	DHM	1002	大漠孤烟直,长河落日圆。安静的欣赏这异域荒漠的美景，突然铁皮人带着几个小跟班出现了，好煞风景	5000	img_jq101	1	茫茫大荒漠	201000	30	300	0	0	1	0	0	0	0	3,,1,教训所有贼匪;	1,300,0,300秒内通关;5,0|1,0,自身血量高于1%;	0	80001	1	1.2	-2
80002	英雄救美	1	7	1	1	217,87.5,54	0,11,-9,60,236	DHM	1002	大漠孤烟直,长河落日圆。安静的欣赏这异域荒漠的美景，突然铁皮人带着几个小跟班出现了，好煞风景	5000	img_jq101	1	茫茫大荒漠	201000	30	300	0	0	1	0	0	0	0	3,,1,教训所有贼匪;	1,300,0,300秒内通关;5,0|1,0,自身血量高于1%;	0	80001	1	1.2	-2
80003	英雄救美	1	7	1	1	217,87.5,54	0,11,-9,60,236	DHM	1002	大漠孤烟直,长河落日圆。安静的欣赏这异域荒漠的美景，突然铁皮人带着几个小跟班出现了，好煞风景	5000	img_jq101	1	茫茫大荒漠	201000	30	300	0	0	1	0	0	0	0	3,,1,教训所有贼匪;	1,300,0,300秒内通关;5,0|1,0,自身血量高于1%;	0	80001	1	1.2	-2
90001	1级府邸	1	9	1	1	45.63,4.89,50.91	0,11,-11,60,180	FD_1	1001	1级府邸常规地图（美人神兵坐标点，出生点）	5000	icon	1	1级府邸	202001	30	300	0	0	1	0	0	0	0	3,,1,杀死所有怪物;	3,,1,杀死所有怪物;3,,1,杀死所有怪物;	0	90001	1	1.2	-2
90002	2级府邸	1	9	1	1	45.63,4.89,50.91	0,11,-11,60,180	FD_1	1001	1级府邸常规地图（美人神兵坐标点，出生点）	5000	icon	1	2级府邸	202001	30	300	0	0	1	0	0	0	0	3,,1,杀死所有怪物;	3,,1,杀死所有怪物;3,,1,杀死所有怪物;	0	90001	1	1.2	-2
90003	3级府邸	1	9	1	1	45.63,4.89,50.91	0,11,-11,60,180	FD_1	1001	1级府邸常规地图（美人神兵坐标点，出生点）	5000	icon	1	3级府邸	202001	30	300	0	0	1	0	0	0	0	3,,1,杀死所有怪物;	3,,1,杀死所有怪物;3,,1,杀死所有怪物;	0	90001	1	1.2	-2
90004	4级府邸	1	9	1	1	93.52,0.1,102.52	0,11,-11,60,340	FD_4	1001	4级府邸常规地图（美人神兵坐标点，出生点）	5000	icon	1	4级府邸	202001	30	300	0	0	1	0	0	0	0	3,,1,杀死所有怪物;	3,,1,杀死所有怪物;3,,1,杀死所有怪物;	0	90004	1	1.2	-2
90005	5级府邸	1	9	1	1	93.52,0.1,102.52	0,11,-11,60,340	FD_4	1001	4级府邸常规地图（美人神兵坐标点，出生点）	5000	icon	1	5级府邸	202001	30	300	0	0	1	0	0	0	0	3,,1,杀死所有怪物;	3,,1,杀死所有怪物;3,,1,杀死所有怪物;	0	90004	1	1.2	-2
90006	6级府邸	1	9	1	1	93.52,0.1,102.52	0,11,-11,60,340	FD_4	1001	4级府邸常规地图（美人神兵坐标点，出生点）	5000	icon	1	6级府邸	202001	30	300	0	0	1	0	0	0	0	3,,1,杀死所有怪物;	3,,1,杀死所有怪物;3,,1,杀死所有怪物;	0	90004	1	1.2	-2
90007	7级府邸	1	9	1	1	6.5,-12.3,0.96	0,11,-11,60,0	FD_7	1001	7级府邸常规地图（美人神兵坐标点，出生点）	5000	icon	1	7级府邸	202001	30	300	0	0	1	0	0	0	0	3,,1,杀死所有怪物;	3,,1,杀死所有怪物;3,,1,杀死所有怪物;	0	90007	1	1.2	-2
90008	8级府邸	1	9	1	1	6.5,-12.3,0.96	0,11,-11,60,0	FD_7	1001	7级府邸常规地图（美人神兵坐标点，出生点）	5000	icon	1	8级府邸	202001	30	300	0	0	1	0	0	0	0	3,,1,杀死所有怪物;	3,,1,杀死所有怪物;3,,1,杀死所有怪物;	0	90007	1	1.2	-2
90009	9级府邸	1	9	1	1	109.41,4.55,106.38	0,11,-11,60,168	FD_9	1001	9级府邸常规地图（美人神兵坐标点，出生点）	5000	icon	1	9级府邸	202001	30	300	0	0	1	0	0	0	0	3,,1,杀死所有怪物;	3,,1,杀死所有怪物;3,,1,杀死所有怪物;	0	90009	1	1.2	-2
100001	1级府邸	1	10	1	1	217,87.5,54	0,11,-11,60,180	FD_1	1002	府邸战府打玩家（关卡内配置）（玩家镜像）	5000	icon	1	1级府邸	201002	30	300	0	0	1	0	0	0	0	3,,1,杀死所有敌人;	1,300,1,300秒内通关;5,0|60,1,自身血量高于60%;	0	100001	0	2.63	-2.4
100002	1级府邸	1	10	1	1	217,87.5,54	0,11,-11,60,180	FD_1	1002	府邸战府打玩家（关卡内配置）（玩家镜像）	5000	icon	1	2级府邸	201002	30	300	0	0	1	0	0	0	0	3,,1,杀死所有敌人;	1,300,1,300秒内通关;5,0|60,1,自身血量高于60%;	0	100001	0	2.63	-2.4
100003	1级府邸	1	10	1	1	217,87.5,54	0,11,-11,60,180	FD_1	1002	府邸战府打玩家（关卡内配置）（玩家镜像）	5000	icon	1	3级府邸	201002	30	300	0	0	1	0	0	0	0	3,,1,杀死所有敌人;	1,300,1,300秒内通关;5,0|60,1,自身血量高于60%;	0	100001	0	2.63	-2.4
100004	1级府邸	1	10	1	1	217,87.5,54	0,11,-11,60,340	FD_4	1002	府邸战府打玩家（关卡内配置）（玩家镜像）	5000	icon	1	4级府邸	201002	30	300	0	0	1	0	0	0	0	3,,1,杀死所有敌人;	1,300,1,300秒内通关;5,0|60,1,自身血量高于60%;	0	100004	0	2.63	-2.4
100005	1级府邸	1	10	1	1	217,87.5,54	0,11,-11,60,340	FD_4	1002	府邸战府打玩家（关卡内配置）（玩家镜像）	5000	icon	1	5级府邸	201002	30	300	0	0	1	0	0	0	0	3,,1,杀死所有敌人;	1,300,1,300秒内通关;5,0|60,1,自身血量高于60%;	0	100004	0	2.63	-2.4
100006	1级府邸	1	10	1	1	217,87.5,54	0,11,-11,60,340	FD_4	1002	府邸战府打玩家（关卡内配置）（玩家镜像）	5000	icon	1	6级府邸	201002	30	300	0	0	1	0	0	0	0	3,,1,杀死所有敌人;	1,300,1,300秒内通关;5,0|60,1,自身血量高于60%;	0	100004	0	2.63	-2.4
100007	1级府邸	1	10	1	1	217,87.5,54	0,11,-11,60,0	FD_7	1002	府邸战府打玩家（关卡内配置）（玩家镜像）	5000	icon	1	7级府邸	201002	30	300	0	0	1	0	0	0	0	3,,1,杀死所有敌人;	1,300,1,300秒内通关;5,0|60,1,自身血量高于60%;	0	100007	0	2.63	-2.4
100008	1级府邸	1	10	1	1	217,87.5,54	0,11,-11,60,0	FD_7	1002	府邸战府打玩家（关卡内配置）（玩家镜像）	5000	icon	1	8级府邸	201002	30	300	0	0	1	0	0	0	0	3,,1,杀死所有敌人;	1,300,1,300秒内通关;5,0|60,1,自身血量高于60%;	0	100007	0	2.63	-2.4
100009	1级府邸	1	10	1	1	217,87.5,54	0,11,-11,60,168	FD_9	1002	府邸战府打玩家（关卡内配置）（玩家镜像）	5000	icon	1	9级府邸	201002	30	300	0	0	1	0	0	0	0	3,,1,杀死所有敌人;	1,300,1,300秒内通关;5,0|60,1,自身血量高于60%;	0	100009	0	2.63	-2.4
110001	7级府邸守卫	1	11	1	1	217,87.5,54	0,11,-11,60,0	FD_7	1002	府邸战府打玩家（关卡内配置）打怪	5000	icon	1	7级府邸守卫	201002	30	300	0	0	1	0	0	0	0	3,,1,杀死所有敌人;	1,300,1,300秒内通关;5,0|60,1,自身血量高于60%;	0	110001	1	2.63	-2.4
110002	7级府邸守卫	1	11	1	1	217,87.5,54	0,11,-11,60,0	FD_7	1002	府邸战府打玩家（关卡内配置）打怪	5000	icon	1	7级府邸守卫	201002	30	300	0	0	1	0	0	0	0	3,,1,杀死所有敌人;	1,300,1,300秒内通关;5,0|60,1,自身血量高于60%;	0	110001	1	2.63	-2.4
110003	9级府邸守卫	1	11	1	1	217,87.5,54	0,11,-11,60,168	FD_9	1002	府邸战府打玩家（关卡内配置）打怪	5000	icon	1	9级府邸守卫	201002	30	300	0	0	2	0	0	0	0	3,,1,杀死所有敌人;	1,300,1,300秒内通关;5,0|60,1,自身血量高于60%;	0	110003	0	2.63	-2.4
120001	1级府邸	1	12	1	1	-1.23,56.11,0.96	0,11,-11,60,180	FD_1	1001	1级府邸(讨教）	5000	icon	1	1级府邸	202001	30	300	0	0	1	0	0	0	0	3,,1,杀死所有敌人;	1,300,1,300秒内通关;5,0|60,1,自身血量高于60%;	0	120001	1	1.2	-2
120002	2级府邸	1	12	1	1	-1.23,56.11,0.96	0,11,-11,60,180	FD_1	1001	1级府邸(讨教）	5000	icon	1	2级府邸	202001	30	300	0	0	1	0	0	0	0	3,,1,杀死所有敌人;	1,300,1,300秒内通关;5,0|60,1,自身血量高于60%;	0	120001	1	1.2	-2
120003	3级府邸	1	12	1	1	-1.23,56.11,0.96	0,11,-11,60,180	FD_1	1001	1级府邸(讨教）	5000	icon	1	3级府邸	202001	30	300	0	0	1	0	0	0	0	3,,1,杀死所有敌人;	1,300,1,300秒内通关;5,0|60,1,自身血量高于60%;	0	120001	1	1.2	-2
120004	4级府邸	1	12	1	1	-1.23,56.11,0.96	0,11,-11,60,340	FD_4	1001	4级府邸(讨教）	5000	icon	1	4级府邸	202001	30	300	0	0	1	0	0	0	0	3,,1,杀死所有敌人;	1,300,1,300秒内通关;5,0|60,1,自身血量高于60%;	0	120004	1	1.2	-2
120005	5级府邸	1	12	1	1	-1.23,56.11,0.96	0,11,-11,60,340	FD_4	1001	4级府邸(讨教）	5000	icon	1	5级府邸	202001	30	300	0	0	1	0	0	0	0	3,,1,杀死所有敌人;	1,300,1,300秒内通关;5,0|60,1,自身血量高于60%;	0	120004	1	1.2	-2
120006	6级府邸	1	12	1	1	-1.23,56.11,0.96	0,11,-11,60,340	FD_4	1001	4级府邸(讨教）	5000	icon	1	6级府邸	202001	30	300	0	0	1	0	0	0	0	3,,1,杀死所有敌人;	1,300,1,300秒内通关;5,0|60,1,自身血量高于60%;	0	120004	1	1.2	-2
120007	7级府邸	1	12	1	1	-1.23,56.11,0.96	0,11,-11,60,0	FD_7	1001	7级府邸(讨教）	5000	icon	1	7级府邸	202001	30	300	0	0	1	0	0	0	0	3,,1,杀死所有敌人;	1,300,1,300秒内通关;5,0|60,1,自身血量高于60%;	0	120007	1	1.2	-2
120008	8级府邸	1	12	1	1	-1.23,56.11,0.96	0,11,-11,60,0	FD_7	1001	7级府邸(讨教）	5000	icon	1	8级府邸	202001	30	300	0	0	1	0	0	0	0	3,,1,杀死所有敌人;	1,300,1,300秒内通关;5,0|60,1,自身血量高于60%;	0	120007	1	1.2	-2
120009	9级府邸	1	12	1	1	-1.23,56.11,0.96	0,11,-11,60,168	FD_9	1001	9级府邸(讨教）	5000	icon	1	9级府邸	202001	30	300	0	0	1	0	0	0	0	3,,1,杀死所有敌人;	1,300,1,300秒内通关;5,0|60,1,自身血量高于60%;	0	120009	1	1.2	-2
130001	比武擂台	1	13	1	1	128.66;19.37;116	0,11,-9,60,100	LT	1002	大漠孤烟直,长河落日圆。安静的欣赏这异域荒漠的美景，突然铁皮人带着几个小跟班出现了，好煞风景	5000	img_jq101	1	比武擂台	201000	30	300	0	0	1	0	0	0	0	3,,1,击败擂台对手;	3,,0,击败对手;3,,0,击败对手;	0	130001	1	1.2	-2
140001	试炼1层	1	14	1	1	217,87.5,54	0,11,-9,60,100	JYFB	1002	大漠孤烟直,长河落日圆。安静的欣赏这异域荒漠的美景，突然铁皮人带着几个小跟班出现了，好煞风景	30000	icon_boss	1	侠客之路	201000	30	300	0	0	1	0	0	0	0	3,,1,清除本层所有怪物;	3,,0,击败对手;3,,0,击败对手;	0	140001	1	1.2	-2
140002	试炼2层	1	14	1	1	217,87.5,54	0,11,-9,60,100	JYFB	1002	大漠孤烟直,长河落日圆。安静的欣赏这异域荒漠的美景，突然铁皮人带着几个小跟班出现了，好煞风景	40000	icon_nan	1	侠客之路	201000	30	300	0	0	1	0	0	0	0	3,,1,清除本层所有怪物;	3,,0,击败对手;3,,0,击败对手;	0	140002	1	1.2	-2
140003	试炼3层	1	14	1	1	217,87.5,54	0,11,-9,60,100	JYFB	1002	大漠孤烟直,长河落日圆。安静的欣赏这异域荒漠的美景，突然铁皮人带着几个小跟班出现了，好煞风景	50000	icon_nv	1	侠客之路	201000	30	300	0	0	1	0	0	0	0	3,,1,清除本层所有怪物;	3,,0,击败对手;3,,0,击败对手;	0	140003	1	1.2	-2
140004	试炼4层	1	14	1	1	217,87.5,54	0,11,-9,60,100	JYFB	1002	大漠孤烟直,长河落日圆。安静的欣赏这异域荒漠的美景，突然铁皮人带着几个小跟班出现了，好煞风景	65000	icon_boss	1	侠客之路	201000	30	300	0	0	1	0	0	0	0	3,,1,清除本层所有怪物;	3,,0,击败对手;3,,0,击败对手;	0	140004	1	1.2	-2
140005	试炼5层	1	14	1	1	217,87.5,54	0,11,-9,60,100	JYFB	1002	大漠孤烟直,长河落日圆。安静的欣赏这异域荒漠的美景，突然铁皮人带着几个小跟班出现了，好煞风景	80000	icon_nan	1	侠客之路	201000	30	300	0	0	1	0	0	0	0	3,,1,清除本层所有怪物;	3,,0,击败对手;3,,0,击败对手;	0	140005	1	1.2	-2
140006	试炼6层	1	14	1	1	217,87.5,54	0,11,-9,60,100	JYFB	1002	大漠孤烟直,长河落日圆。安静的欣赏这异域荒漠的美景，突然铁皮人带着几个小跟班出现了，好煞风景	110000	icon_nv	1	侠客之路	201000	30	300	0	0	1	0	0	0	0	3,,1,清除本层所有怪物;	3,,0,击败对手;3,,0,击败对手;	0	140006	1	1.2	-2
140007	试炼7层	1	14	1	1	217,87.5,54	0,11,-9,60,100	JYFB	1002	大漠孤烟直,长河落日圆。安静的欣赏这异域荒漠的美景，突然铁皮人带着几个小跟班出现了，好煞风景	120000	icon_boss	1	侠客之路	201000	30	300	0	0	1	0	0	0	0	3,,1,清除本层所有怪物;	3,,0,击败对手;3,,0,击败对手;	0	140007	1	1.2	-2
140008	试炼8层	1	14	1	1	217,87.5,54	0,11,-9,60,100	JYFB	1002	大漠孤烟直,长河落日圆。安静的欣赏这异域荒漠的美景，突然铁皮人带着几个小跟班出现了，好煞风景	130000	icon_nan	1	侠客之路	201000	30	300	0	0	1	0	0	0	0	3,,1,清除本层所有怪物;	3,,0,击败对手;3,,0,击败对手;	0	140008	1	1.2	-2
140009	试炼9层	1	14	1	1	217,87.5,54	0,11,-9,60,100	JYFB	1002	大漠孤烟直,长河落日圆。安静的欣赏这异域荒漠的美景，突然铁皮人带着几个小跟班出现了，好煞风景	135000	icon_nv	1	侠客之路	201000	30	300	0	0	1	0	0	0	0	3,,1,清除本层所有怪物;	3,,0,击败对手;3,,0,击败对手;	0	140009	1	1.2	-2
140010	试炼10层	1	14	1	1	217,87.5,54	0,11,-9,60,100	JYFB	1002	大漠孤烟直,长河落日圆。安静的欣赏这异域荒漠的美景，突然铁皮人带着几个小跟班出现了，好煞风景	140000	icon_boss	1	侠客之路	201000	30	300	0	0	1	0	0	0	0	3,,1,清除本层所有怪物;	3,,0,击败对手;3,,0,击败对手;	0	140010	1	1.2	-2
140011	试炼11层	1	14	1	1	217,87.5,54	0,11,-9,60,100	JYFB	1002	大漠孤烟直,长河落日圆。安静的欣赏这异域荒漠的美景，突然铁皮人带着几个小跟班出现了，好煞风景	165000	icon_nan	2	侠客之路	201000	30	300	0	0	1	0	0	0	0	3,,1,清除本层所有怪物;	3,,0,击败对手;3,,0,击败对手;	0	140011	1	1.2	-2
140012	试炼12层	1	14	1	1	217,87.5,54	0,11,-9,60,100	JYFB	1002	大漠孤烟直,长河落日圆。安静的欣赏这异域荒漠的美景，突然铁皮人带着几个小跟班出现了，好煞风景	170000	icon_nv	2	侠客之路	201000	30	300	0	0	1	0	0	0	0	3,,1,清除本层所有怪物;	3,,0,击败对手;3,,0,击败对手;	0	140012	1	1.2	-2
140013	试炼13层	1	14	1	1	217,87.5,54	0,11,-9,60,100	JYFB	1002	大漠孤烟直,长河落日圆。安静的欣赏这异域荒漠的美景，突然铁皮人带着几个小跟班出现了，好煞风景	180000	icon_boss	2	侠客之路	201000	30	300	0	0	1	0	0	0	0	3,,1,清除本层所有怪物;	3,,0,击败对手;3,,0,击败对手;	0	140013	1	1.2	-2
140014	试炼14层	1	14	1	1	217,87.5,54	0,11,-9,60,100	JYFB	1002	大漠孤烟直,长河落日圆。安静的欣赏这异域荒漠的美景，突然铁皮人带着几个小跟班出现了，好煞风景	190000	icon_nan	2	侠客之路	201000	30	300	0	0	1	0	0	0	0	3,,1,清除本层所有怪物;	3,,0,击败对手;3,,0,击败对手;	0	140014	1	1.2	-2
140015	试炼15层	1	14	1	1	217,87.5,54	0,11,-9,60,100	JYFB	1002	大漠孤烟直,长河落日圆。安静的欣赏这异域荒漠的美景，突然铁皮人带着几个小跟班出现了，好煞风景	200000	icon_nv	2	侠客之路	201000	30	300	0	0	1	0	0	0	0	3,,1,清除本层所有怪物;	3,,0,击败对手;3,,0,击败对手;	0	140015	1	1.2	-2
140016	试炼16层	1	14	1	1	217,87.5,54	0,11,-9,60,100	JYFB	1002	大漠孤烟直,长河落日圆。安静的欣赏这异域荒漠的美景，突然铁皮人带着几个小跟班出现了，好煞风景	270000	icon_boss	2	侠客之路	201000	30	300	0	0	1	0	0	0	0	3,,1,清除本层所有怪物;	3,,0,击败对手;3,,0,击败对手;	0	140016	1	1.2	-2
140017	试炼17层	1	14	1	1	217,87.5,54	0,11,-9,60,100	JYFB	1002	大漠孤烟直,长河落日圆。安静的欣赏这异域荒漠的美景，突然铁皮人带着几个小跟班出现了，好煞风景	275000	icon_nan	2	侠客之路	201000	30	300	0	0	1	0	0	0	0	3,,1,清除本层所有怪物;	3,,0,击败对手;3,,0,击败对手;	0	140017	1	1.2	-2
140018	试炼18层	1	14	1	1	217,87.5,54	0,11,-9,60,100	JYFB	1002	大漠孤烟直,长河落日圆。安静的欣赏这异域荒漠的美景，突然铁皮人带着几个小跟班出现了，好煞风景	290000	icon_nv	2	侠客之路	201000	30	300	0	0	1	0	0	0	0	3,,1,清除本层所有怪物;	3,,0,击败对手;3,,0,击败对手;	0	140018	1	1.2	-2
140019	试炼19层	1	14	1	1	217,87.5,54	0,11,-9,60,100	JYFB	1002	大漠孤烟直,长河落日圆。安静的欣赏这异域荒漠的美景，突然铁皮人带着几个小跟班出现了，好煞风景	315000	icon_boss	2	侠客之路	201000	30	300	0	0	1	0	0	0	0	3,,1,清除本层所有怪物;	3,,0,击败对手;3,,0,击败对手;	0	140019	1	1.2	-2
140020	试炼20层	1	14	1	1	217,87.5,54	0,11,-9,60,100	JYFB	1002	大漠孤烟直,长河落日圆。安静的欣赏这异域荒漠的美景，突然铁皮人带着几个小跟班出现了，好煞风景	355000	icon_nan	2	侠客之路	201000	30	300	0	0	1	0	0	0	0	3,,1,清除本层所有怪物;	3,,0,击败对手;3,,0,击败对手;	0	140020	1	1.2	-2
140021	试炼21层	1	14	1	1	217,87.5,54	0,11,-9,60,100	JYFB	1002	大漠孤烟直,长河落日圆。安静的欣赏这异域荒漠的美景，突然铁皮人带着几个小跟班出现了，好煞风景	375000	icon_nv	3	侠客之路	201000	30	300	0	0	1	0	0	0	0	3,,1,清除本层所有怪物;	3,,0,击败对手;3,,0,击败对手;	0	140021	1	1.2	-2
140022	试炼22层	1	14	1	1	217,87.5,54	0,11,-9,60,100	JYFB	1002	大漠孤烟直,长河落日圆。安静的欣赏这异域荒漠的美景，突然铁皮人带着几个小跟班出现了，好煞风景	390000	icon_boss	3	侠客之路	201000	30	300	0	0	1	0	0	0	0	3,,1,清除本层所有怪物;	3,,0,击败对手;3,,0,击败对手;	0	140022	1	1.2	-2
140023	试炼23层	1	14	1	1	217,87.5,54	0,11,-9,60,100	JYFB	1002	大漠孤烟直,长河落日圆。安静的欣赏这异域荒漠的美景，突然铁皮人带着几个小跟班出现了，好煞风景	400000	icon_nan	3	侠客之路	201000	30	300	0	0	1	0	0	0	0	3,,1,清除本层所有怪物;	3,,0,击败对手;3,,0,击败对手;	0	140023	1	1.2	-2
140024	试炼24层	1	14	1	1	217,87.5,54	0,11,-9,60,100	JYFB	1002	大漠孤烟直,长河落日圆。安静的欣赏这异域荒漠的美景，突然铁皮人带着几个小跟班出现了，好煞风景	420000	icon_nv	3	侠客之路	201000	30	300	0	0	1	0	0	0	0	3,,1,清除本层所有怪物;	3,,0,击败对手;3,,0,击败对手;	0	140024	1	1.2	-2
140025	试炼25层	1	14	1	1	217,87.5,54	0,11,-9,60,100	JYFB	1002	大漠孤烟直,长河落日圆。安静的欣赏这异域荒漠的美景，突然铁皮人带着几个小跟班出现了，好煞风景	470000	icon_boss	3	侠客之路	201000	30	300	0	0	1	0	0	0	0	3,,1,清除本层所有怪物;	3,,0,击败对手;3,,0,击败对手;	0	140025	1	1.2	-2
140026	试炼26层	1	14	1	1	217,87.5,54	0,11,-9,60,100	JYFB	1002	大漠孤烟直,长河落日圆。安静的欣赏这异域荒漠的美景，突然铁皮人带着几个小跟班出现了，好煞风景	550000	icon_nan	3	侠客之路	201000	30	300	0	0	1	0	0	0	0	3,,1,清除本层所有怪物;	3,,0,击败对手;3,,0,击败对手;	0	140026	1	1.2	-2
140027	试炼27层	1	14	1	1	217,87.5,54	0,11,-9,60,100	JYFB	1002	大漠孤烟直,长河落日圆。安静的欣赏这异域荒漠的美景，突然铁皮人带着几个小跟班出现了，好煞风景	565000	icon_nv	3	侠客之路	201000	30	300	0	0	1	0	0	0	0	3,,1,清除本层所有怪物;	3,,0,击败对手;3,,0,击败对手;	0	140027	1	1.2	-2
140028	试炼28层	1	14	1	1	217,87.5,54	0,11,-9,60,100	JYFB	1002	大漠孤烟直,长河落日圆。安静的欣赏这异域荒漠的美景，突然铁皮人带着几个小跟班出现了，好煞风景	580000	icon_boss	3	侠客之路	201000	30	300	0	0	1	0	0	0	0	3,,1,清除本层所有怪物;	3,,0,击败对手;3,,0,击败对手;	0	140028	1	1.2	-2
140029	试炼29层	1	14	1	1	217,87.5,54	0,11,-9,60,100	JYFB	1002	大漠孤烟直,长河落日圆。安静的欣赏这异域荒漠的美景，突然铁皮人带着几个小跟班出现了，好煞风景	590000	icon_nan	3	侠客之路	201000	30	300	0	0	1	0	0	0	0	3,,1,清除本层所有怪物;	3,,0,击败对手;3,,0,击败对手;	0	140029	1	1.2	-2
140030	试炼30层	1	14	1	1	217,87.5,54	0,11,-9,60,100	JYFB	1002	大漠孤烟直,长河落日圆。安静的欣赏这异域荒漠的美景，突然铁皮人带着几个小跟班出现了，好煞风景	600000	icon_nv	3	侠客之路	201000	30	300	0	0	1	0	0	0	0	3,,1,清除本层所有怪物;	3,,0,击败对手;3,,0,击败对手;	0	140030	1	1.2	-2
140031	试炼31层	1	14	1	1	217,87.5,54	0,11,-9,60,100	JYFB	1002	大漠孤烟直,长河落日圆。安静的欣赏这异域荒漠的美景，突然铁皮人带着几个小跟班出现了，好煞风景	680000	icon_boss	4	侠客之路	201000	30	300	0	0	1	0	0	0	0	3,,1,清除本层所有怪物;	3,,0,击败对手;3,,0,击败对手;	0	140031	1	1.2	-2
140032	试炼32层	1	14	1	1	217,87.5,54	0,11,-9,60,100	JYFB	1002	大漠孤烟直,长河落日圆。安静的欣赏这异域荒漠的美景，突然铁皮人带着几个小跟班出现了，好煞风景	690000	icon_nan	4	侠客之路	201000	30	300	0	0	1	0	0	0	0	3,,1,清除本层所有怪物;	3,,0,击败对手;3,,0,击败对手;	0	140032	1	1.2	-2
140033	试炼33层	1	14	1	1	217,87.5,54	0,11,-9,60,100	JYFB	1002	大漠孤烟直,长河落日圆。安静的欣赏这异域荒漠的美景，突然铁皮人带着几个小跟班出现了，好煞风景	700000	icon_nv	4	侠客之路	201000	30	300	0	0	1	0	0	0	0	3,,1,清除本层所有怪物;	3,,0,击败对手;3,,0,击败对手;	0	140033	1	1.2	-2
140034	试炼34层	1	14	1	1	217,87.5,54	0,11,-9,60,100	JYFB	1002	大漠孤烟直,长河落日圆。安静的欣赏这异域荒漠的美景，突然铁皮人带着几个小跟班出现了，好煞风景	720000	icon_boss	4	侠客之路	201000	30	300	0	0	1	0	0	0	0	3,,1,清除本层所有怪物;	3,,0,击败对手;3,,0,击败对手;	0	140034	1	1.2	-2
140035	试炼35层	1	14	1	1	217,87.5,54	0,11,-9,60,100	JYFB	1002	大漠孤烟直,长河落日圆。安静的欣赏这异域荒漠的美景，突然铁皮人带着几个小跟班出现了，好煞风景	740000	icon_nan	4	侠客之路	201000	30	300	0	0	1	0	0	0	0	3,,1,清除本层所有怪物;	3,,0,击败对手;3,,0,击败对手;	0	140035	1	1.2	-2
140036	试炼36层	1	14	1	1	217,87.5,54	0,11,-9,60,100	JYFB	1002	大漠孤烟直,长河落日圆。安静的欣赏这异域荒漠的美景，突然铁皮人带着几个小跟班出现了，好煞风景	840000	icon_nv	4	侠客之路	201000	30	300	0	0	1	0	0	0	0	3,,1,清除本层所有怪物;	3,,0,击败对手;3,,0,击败对手;	0	140036	1	1.2	-2
140037	试炼37层	1	14	1	1	217,87.5,54	0,11,-9,60,100	JYFB	1002	大漠孤烟直,长河落日圆。安静的欣赏这异域荒漠的美景，突然铁皮人带着几个小跟班出现了，好煞风景	850000	icon_boss	4	侠客之路	201000	30	300	0	0	1	0	0	0	0	3,,1,清除本层所有怪物;	3,,0,击败对手;3,,0,击败对手;	0	140037	1	1.2	-2
140038	试炼38层	1	14	1	1	217,87.5,54	0,11,-9,60,100	JYFB	1002	大漠孤烟直,长河落日圆。安静的欣赏这异域荒漠的美景，突然铁皮人带着几个小跟班出现了，好煞风景	900000	icon_nan	4	侠客之路	201000	30	300	0	0	1	0	0	0	0	3,,1,清除本层所有怪物;	3,,0,击败对手;3,,0,击败对手;	0	140038	1	1.2	-2
140039	试炼39层	1	14	1	1	217,87.5,54	0,11,-9,60,100	JYFB	1002	大漠孤烟直,长河落日圆。安静的欣赏这异域荒漠的美景，突然铁皮人带着几个小跟班出现了，好煞风景	910000	icon_nv	4	侠客之路	201000	30	300	0	0	1	0	0	0	0	3,,1,清除本层所有怪物;	3,,0,击败对手;3,,0,击败对手;	0	140039	1	1.2	-2
140040	试炼40层	1	14	1	1	217,87.5,54	0,11,-9,60,100	JYFB	1002	大漠孤烟直,长河落日圆。安静的欣赏这异域荒漠的美景，突然铁皮人带着几个小跟班出现了，好煞风景	960000	icon_boss	4	侠客之路	201000	30	300	0	0	1	0	0	0	0	3,,1,清除本层所有怪物;	3,,0,击败对手;3,,0,击败对手;	0	140040	1	1.2	-2
140041	试炼41层	1	14	1	1	217,87.5,54	0,11,-9,60,100	JYFB	1002	大漠孤烟直,长河落日圆。安静的欣赏这异域荒漠的美景，突然铁皮人带着几个小跟班出现了，好煞风景	1030000	icon_nan	5	侠客之路	201000	30	300	0	0	1	0	0	0	0	3,,1,清除本层所有怪物;	3,,0,击败对手;3,,0,击败对手;	0	140041	1	1.2	-2
140042	试炼42层	1	14	1	1	217,87.5,54	0,11,-9,60,100	JYFB	1002	大漠孤烟直,长河落日圆。安静的欣赏这异域荒漠的美景，突然铁皮人带着几个小跟班出现了，好煞风景	1080000	icon_nv	5	侠客之路	201000	30	300	0	0	1	0	0	0	0	3,,1,清除本层所有怪物;	3,,0,击败对手;3,,0,击败对手;	0	140042	1	1.2	-2
140043	试炼43层	1	14	1	1	217,87.5,54	0,11,-9,60,100	JYFB	1002	大漠孤烟直,长河落日圆。安静的欣赏这异域荒漠的美景，突然铁皮人带着几个小跟班出现了，好煞风景	1100000	icon_boss	5	侠客之路	201000	30	300	0	0	1	0	0	0	0	3,,1,清除本层所有怪物;	3,,0,击败对手;3,,0,击败对手;	0	140043	1	1.2	-2
140044	试炼44层	1	14	1	1	217,87.5,54	0,11,-9,60,100	JYFB	1002	大漠孤烟直,长河落日圆。安静的欣赏这异域荒漠的美景，突然铁皮人带着几个小跟班出现了，好煞风景	1150000	icon_nan	5	侠客之路	201000	30	300	0	0	1	0	0	0	0	3,,1,清除本层所有怪物;	3,,0,击败对手;3,,0,击败对手;	0	140044	1	1.2	-2
140045	试炼45层	1	14	1	1	217,87.5,54	0,11,-9,60,100	JYFB	1002	大漠孤烟直,长河落日圆。安静的欣赏这异域荒漠的美景，突然铁皮人带着几个小跟班出现了，好煞风景	1170000	icon_nv	5	侠客之路	201000	30	300	0	0	1	0	0	0	0	3,,1,清除本层所有怪物;	3,,0,击败对手;3,,0,击败对手;	0	140045	1	1.2	-2
140046	试炼46层	1	14	1	1	217,87.5,54	0,11,-9,60,100	JYFB	1002	大漠孤烟直,长河落日圆。安静的欣赏这异域荒漠的美景，突然铁皮人带着几个小跟班出现了，好煞风景	1210000	icon_boss	5	侠客之路	201000	30	300	0	0	1	0	0	0	0	3,,1,清除本层所有怪物;	3,,0,击败对手;3,,0,击败对手;	0	140046	1	1.2	-2
140047	试炼47层	1	14	1	1	217,87.5,54	0,11,-9,60,100	JYFB	1002	大漠孤烟直,长河落日圆。安静的欣赏这异域荒漠的美景，突然铁皮人带着几个小跟班出现了，好煞风景	1230000	icon_nan	5	侠客之路	201000	30	300	0	0	1	0	0	0	0	3,,1,清除本层所有怪物;	3,,0,击败对手;3,,0,击败对手;	0	140047	1	1.2	-2
140048	试炼48层	1	14	1	1	217,87.5,54	0,11,-9,60,100	JYFB	1002	大漠孤烟直,长河落日圆。安静的欣赏这异域荒漠的美景，突然铁皮人带着几个小跟班出现了，好煞风景	1250000	icon_nv	5	侠客之路	201000	30	300	0	0	1	0	0	0	0	3,,1,清除本层所有怪物;	3,,0,击败对手;3,,0,击败对手;	0	140048	1	1.2	-2
140049	试炼49层	1	14	1	1	217,87.5,54	0,11,-9,60,100	JYFB	1002	大漠孤烟直,长河落日圆。安静的欣赏这异域荒漠的美景，突然铁皮人带着几个小跟班出现了，好煞风景	1270000	icon_boss	5	侠客之路	201000	30	300	0	0	1	0	0	0	0	3,,1,清除本层所有怪物;	3,,0,击败对手;3,,0,击败对手;	0	140049	1	1.2	-2
140050	试炼50层	1	14	1	1	217,87.5,54	0,11,-9,60,100	JYFB	1002	大漠孤烟直,长河落日圆。安静的欣赏这异域荒漠的美景，突然铁皮人带着几个小跟班出现了，好煞风景	1280000	icon_nan	5	侠客之路	201000	30	300	0	0	1	0	0	0	0	3,,1,清除本层所有怪物;	3,,0,击败对手;3,,0,击败对手;	0	140050	1	1.2	-2
140051	试炼51层	1	14	1	1	217,87.5,54	0,11,-9,60,100	JYFB	1002	大漠孤烟直,长河落日圆。安静的欣赏这异域荒漠的美景，突然铁皮人带着几个小跟班出现了，好煞风景	1360000	icon_nv	6	侠客之路	201000	30	300	0	0	1	0	0	0	0	3,,1,清除本层所有怪物;	3,,0,击败对手;3,,0,击败对手;	0	140051	1	1.2	-2
140052	试炼52层	1	14	1	1	217,87.5,54	0,11,-9,60,100	JYFB	1002	大漠孤烟直,长河落日圆。安静的欣赏这异域荒漠的美景，突然铁皮人带着几个小跟班出现了，好煞风景	1440000	icon_boss	6	侠客之路	201000	30	300	0	0	1	0	0	0	0	3,,1,清除本层所有怪物;	3,,0,击败对手;3,,0,击败对手;	0	140052	1	1.2	-2
140053	试炼53层	1	14	1	1	217,87.5,54	0,11,-9,60,100	JYFB	1002	大漠孤烟直,长河落日圆。安静的欣赏这异域荒漠的美景，突然铁皮人带着几个小跟班出现了，好煞风景	1450000	icon_nan	6	侠客之路	201000	30	300	0	0	1	0	0	0	0	3,,1,清除本层所有怪物;	3,,0,击败对手;3,,0,击败对手;	0	140053	1	1.2	-2
140054	试炼54层	1	14	1	1	217,87.5,54	0,11,-9,60,100	JYFB	1002	大漠孤烟直,长河落日圆。安静的欣赏这异域荒漠的美景，突然铁皮人带着几个小跟班出现了，好煞风景	1500000	icon_nv	6	侠客之路	201000	30	300	0	0	1	0	0	0	0	3,,1,清除本层所有怪物;	3,,0,击败对手;3,,0,击败对手;	0	140054	1	1.2	-2
140055	试炼55层	1	14	1	1	217,87.5,54	0,11,-9,60,100	JYFB	1002	大漠孤烟直,长河落日圆。安静的欣赏这异域荒漠的美景，突然铁皮人带着几个小跟班出现了，好煞风景	1530000	icon_boss	6	侠客之路	201000	30	300	0	0	1	0	0	0	0	3,,1,清除本层所有怪物;	3,,0,击败对手;3,,0,击败对手;	0	140055	1	1.2	-2
140056	试炼56层	1	14	1	1	217,87.5,54	0,11,-9,60,100	JYFB	1002	大漠孤烟直,长河落日圆。安静的欣赏这异域荒漠的美景，突然铁皮人带着几个小跟班出现了，好煞风景	1630000	icon_nan	6	侠客之路	201000	30	300	0	0	1	0	0	0	0	3,,1,清除本层所有怪物;	3,,0,击败对手;3,,0,击败对手;	0	140056	1	1.2	-2
140057	试炼57层	1	14	1	1	217,87.5,54	0,11,-9,60,100	JYFB	1002	大漠孤烟直,长河落日圆。安静的欣赏这异域荒漠的美景，突然铁皮人带着几个小跟班出现了，好煞风景	1760000	icon_nv	6	侠客之路	201000	30	300	0	0	1	0	0	0	0	3,,1,清除本层所有怪物;	3,,0,击败对手;3,,0,击败对手;	0	140057	1	1.2	-2
140058	试炼58层	1	14	1	1	217,87.5,54	0,11,-9,60,100	JYFB	1002	大漠孤烟直,长河落日圆。安静的欣赏这异域荒漠的美景，突然铁皮人带着几个小跟班出现了，好煞风景	1800000	icon_boss	6	侠客之路	201000	30	300	0	0	1	0	0	0	0	3,,1,清除本层所有怪物;	3,,0,击败对手;3,,0,击败对手;	0	140058	1	1.2	-2
140059	试炼59层	1	14	1	1	217,87.5,54	0,11,-9,60,100	JYFB	1002	大漠孤烟直,长河落日圆。安静的欣赏这异域荒漠的美景，突然铁皮人带着几个小跟班出现了，好煞风景	1810000	icon_nan	6	侠客之路	201000	30	300	0	0	1	0	0	0	0	3,,1,清除本层所有怪物;	3,,0,击败对手;3,,0,击败对手;	0	140059	1	1.2	-2
140060	试炼60层	1	14	1	1	217,87.5,54	0,11,-9,60,100	JYFB	1002	大漠孤烟直,长河落日圆。安静的欣赏这异域荒漠的美景，突然铁皮人带着几个小跟班出现了，好煞风景	1830000	icon_nv	6	侠客之路	201000	30	300	0	0	1	0	0	0	0	3,,1,清除本层所有怪物;	3,,0,击败对手;3,,0,击败对手;	0	140060	1	1.2	-2
140061	试炼61层	1	14	1	1	217,87.5,54	0,11,-9,60,100	JYFB	1002	大漠孤烟直,长河落日圆。安静的欣赏这异域荒漠的美景，突然铁皮人带着几个小跟班出现了，好煞风景	1860000	icon_boss	7	侠客之路	201000	30	300	0	0	1	0	0	0	0	3,,1,清除本层所有怪物;	3,,0,击败对手;3,,0,击败对手;	0	140061	1	1.2	-2
140062	试炼62层	1	14	1	1	217,87.5,54	0,11,-9,60,100	JYFB	1002	大漠孤烟直,长河落日圆。安静的欣赏这异域荒漠的美景，突然铁皮人带着几个小跟班出现了，好煞风景	1950000	icon_nan	7	侠客之路	201000	30	300	0	0	1	0	0	0	0	3,,1,清除本层所有怪物;	3,,0,击败对手;3,,0,击败对手;	0	140062	1	1.2	-2
140063	试炼63层	1	14	1	1	217,87.5,54	0,11,-9,60,100	JYFB	1002	大漠孤烟直,长河落日圆。安静的欣赏这异域荒漠的美景，突然铁皮人带着几个小跟班出现了，好煞风景	1980000	icon_nv	7	侠客之路	201000	30	300	0	0	1	0	0	0	0	3,,1,清除本层所有怪物;	3,,0,击败对手;3,,0,击败对手;	0	140063	1	1.2	-2
140064	试炼64层	1	14	1	1	217,87.5,54	0,11,-9,60,100	JYFB	1002	大漠孤烟直,长河落日圆。安静的欣赏这异域荒漠的美景，突然铁皮人带着几个小跟班出现了，好煞风景	2000000	icon_boss	7	侠客之路	201000	30	300	0	0	1	0	0	0	0	3,,1,清除本层所有怪物;	3,,0,击败对手;3,,0,击败对手;	0	140064	1	1.2	-2
140065	试炼65层	1	14	1	1	217,87.5,54	0,11,-9,60,100	JYFB	1002	大漠孤烟直,长河落日圆。安静的欣赏这异域荒漠的美景，突然铁皮人带着几个小跟班出现了，好煞风景	2030000	icon_nan	7	侠客之路	201000	30	300	0	0	1	0	0	0	0	3,,1,清除本层所有怪物;	3,,0,击败对手;3,,0,击败对手;	0	140065	1	1.2	-2
140066	试炼66层	1	14	1	1	217,87.5,54	0,11,-9,60,100	JYFB	1002	大漠孤烟直,长河落日圆。安静的欣赏这异域荒漠的美景，突然铁皮人带着几个小跟班出现了，好煞风景	2090000	icon_nv	7	侠客之路	201000	30	300	0	0	1	0	0	0	0	3,,1,清除本层所有怪物;	3,,0,击败对手;3,,0,击败对手;	0	140066	1	1.2	-2
140067	试炼67层	1	14	1	1	217,87.5,54	0,11,-9,60,100	JYFB	1002	大漠孤烟直,长河落日圆。安静的欣赏这异域荒漠的美景，突然铁皮人带着几个小跟班出现了，好煞风景	2120000	icon_boss	7	侠客之路	201000	30	300	0	0	1	0	0	0	0	3,,1,清除本层所有怪物;	3,,0,击败对手;3,,0,击败对手;	0	140067	1	1.2	-2
140068	试炼68层	1	14	1	1	217,87.5,54	0,11,-9,60,100	JYFB	1002	大漠孤烟直,长河落日圆。安静的欣赏这异域荒漠的美景，突然铁皮人带着几个小跟班出现了，好煞风景	2140000	icon_nan	7	侠客之路	201000	30	300	0	0	1	0	0	0	0	3,,1,清除本层所有怪物;	3,,0,击败对手;3,,0,击败对手;	0	140068	1	1.2	-2
140069	试炼69层	1	14	1	1	217,87.5,54	0,11,-9,60,100	JYFB	1002	大漠孤烟直,长河落日圆。安静的欣赏这异域荒漠的美景，突然铁皮人带着几个小跟班出现了，好煞风景	2210000	icon_nv	7	侠客之路	201000	30	300	0	0	1	0	0	0	0	3,,1,清除本层所有怪物;	3,,0,击败对手;3,,0,击败对手;	0	140069	1	1.2	-2
140070	试炼70层	1	14	1	1	217,87.5,54	0,11,-9,60,100	JYFB	1002	大漠孤烟直,长河落日圆。安静的欣赏这异域荒漠的美景，突然铁皮人带着几个小跟班出现了，好煞风景	2240000	icon_boss	7	侠客之路	201000	30	300	0	0	1	0	0	0	0	3,,1,清除本层所有怪物;	3,,0,击败对手;3,,0,击败对手;	0	140070	1	1.2	-2
140071	试炼71层	1	14	1	1	217,87.5,54	0,11,-9,60,100	JYFB	1002	大漠孤烟直,长河落日圆。安静的欣赏这异域荒漠的美景，突然铁皮人带着几个小跟班出现了，好煞风景	2380000	icon_nan	8	侠客之路	201000	30	300	0	0	1	0	0	0	0	3,,1,清除本层所有怪物;	3,,0,击败对手;3,,0,击败对手;	0	140071	1	1.2	-2
140072	试炼72层	1	14	1	1	217,87.5,54	0,11,-9,60,100	JYFB	1002	大漠孤烟直,长河落日圆。安静的欣赏这异域荒漠的美景，突然铁皮人带着几个小跟班出现了，好煞风景	2400000	icon_nv	8	侠客之路	201000	30	300	0	0	1	0	0	0	0	3,,1,清除本层所有怪物;	3,,0,击败对手;3,,0,击败对手;	0	140072	1	1.2	-2
140073	试炼73层	1	14	1	1	217,87.5,54	0,11,-9,60,100	JYFB	1002	大漠孤烟直,长河落日圆。安静的欣赏这异域荒漠的美景，突然铁皮人带着几个小跟班出现了，好煞风景	2440000	icon_boss	8	侠客之路	201000	30	300	0	0	1	0	0	0	0	3,,1,清除本层所有怪物;	3,,0,击败对手;3,,0,击败对手;	0	140073	1	1.2	-2
140074	试炼74层	1	14	1	1	217,87.5,54	0,11,-9,60,100	JYFB	1002	大漠孤烟直,长河落日圆。安静的欣赏这异域荒漠的美景，突然铁皮人带着几个小跟班出现了，好煞风景	2460000	icon_nan	8	侠客之路	201000	30	300	0	0	1	0	0	0	0	3,,1,清除本层所有怪物;	3,,0,击败对手;3,,0,击败对手;	0	140074	1	1.2	-2
140075	试炼75层	1	14	1	1	217,87.5,54	0,11,-9,60,100	JYFB	1002	大漠孤烟直,长河落日圆。安静的欣赏这异域荒漠的美景，突然铁皮人带着几个小跟班出现了，好煞风景	2480000	icon_nv	8	侠客之路	201000	30	300	0	0	1	0	0	0	0	3,,1,清除本层所有怪物;	3,,0,击败对手;3,,0,击败对手;	0	140075	1	1.2	-2
140076	试炼76层	1	14	1	1	217,87.5,54	0,11,-9,60,100	JYFB	1002	大漠孤烟直,长河落日圆。安静的欣赏这异域荒漠的美景，突然铁皮人带着几个小跟班出现了，好煞风景	2550000	icon_boss	8	侠客之路	201000	30	300	0	0	1	0	0	0	0	3,,1,清除本层所有怪物;	3,,0,击败对手;3,,0,击败对手;	0	140076	1	1.2	-2
140077	试炼77层	1	14	1	1	217,87.5,54	0,11,-9,60,100	JYFB	1002	大漠孤烟直,长河落日圆。安静的欣赏这异域荒漠的美景，突然铁皮人带着几个小跟班出现了，好煞风景	2570000	icon_nan	8	侠客之路	201000	30	300	0	0	1	0	0	0	0	3,,1,清除本层所有怪物;	3,,0,击败对手;3,,0,击败对手;	0	140077	1	1.2	-2
140078	试炼78层	1	14	1	1	217,87.5,54	0,11,-9,60,100	JYFB	1002	大漠孤烟直,长河落日圆。安静的欣赏这异域荒漠的美景，突然铁皮人带着几个小跟班出现了，好煞风景	2600000	icon_nv	8	侠客之路	201000	30	300	0	0	1	0	0	0	0	3,,1,清除本层所有怪物;	3,,0,击败对手;3,,0,击败对手;	0	140078	1	1.2	-2
140079	试炼79层	1	14	1	1	217,87.5,54	0,11,-9,60,100	JYFB	1002	大漠孤烟直,长河落日圆。安静的欣赏这异域荒漠的美景，突然铁皮人带着几个小跟班出现了，好煞风景	2630000	icon_boss	8	侠客之路	201000	30	300	0	0	1	0	0	0	0	3,,1,清除本层所有怪物;	3,,0,击败对手;3,,0,击败对手;	0	140079	1	1.2	-2
140080	试炼80层	1	14	1	1	217,87.5,54	0,11,-9,60,100	JYFB	1002	大漠孤烟直,长河落日圆。安静的欣赏这异域荒漠的美景，突然铁皮人带着几个小跟班出现了，好煞风景	2650000	icon_nan	8	侠客之路	201000	30	300	0	0	1	0	0	0	0	3,,1,清除本层所有怪物;	3,,0,击败对手;3,,0,击败对手;	0	140080	1	1.2	-2
140081	试炼81层	1	14	1	1	217,87.5,54	0,11,-9,60,100	JYFB	1002	大漠孤烟直,长河落日圆。安静的欣赏这异域荒漠的美景，突然铁皮人带着几个小跟班出现了，好煞风景	2690000	icon_nv	9	侠客之路	201000	30	300	0	0	1	0	0	0	0	3,,1,清除本层所有怪物;	3,,0,击败对手;3,,0,击败对手;	0	140081	1	1.2	-2
140082	试炼82层	1	14	1	1	217,87.5,54	0,11,-9,60,100	JYFB	1002	大漠孤烟直,长河落日圆。安静的欣赏这异域荒漠的美景，突然铁皮人带着几个小跟班出现了，好煞风景	2720000	icon_boss	9	侠客之路	201000	30	300	0	0	1	0	0	0	0	3,,1,清除本层所有怪物;	3,,0,击败对手;3,,0,击败对手;	0	140082	1	1.2	-2
140083	试炼83层	1	14	1	1	217,87.5,54	0,11,-9,60,100	JYFB	1002	大漠孤烟直,长河落日圆。安静的欣赏这异域荒漠的美景，突然铁皮人带着几个小跟班出现了，好煞风景	2810000	icon_nan	9	侠客之路	201000	30	300	0	0	1	0	0	0	0	3,,1,清除本层所有怪物;	3,,0,击败对手;3,,0,击败对手;	0	140083	1	1.2	-2
140084	试炼84层	1	14	1	1	217,87.5,54	0,11,-9,60,100	JYFB	1002	大漠孤烟直,长河落日圆。安静的欣赏这异域荒漠的美景，突然铁皮人带着几个小跟班出现了，好煞风景	2830000	icon_nv	9	侠客之路	201000	30	300	0	0	1	0	0	0	0	3,,1,清除本层所有怪物;	3,,0,击败对手;3,,0,击败对手;	0	140084	1	1.2	-2
140085	试炼85层	1	14	1	1	217,87.5,54	0,11,-9,60,100	JYFB	1002	大漠孤烟直,长河落日圆。安静的欣赏这异域荒漠的美景，突然铁皮人带着几个小跟班出现了，好煞风景	2860000	icon_boss	9	侠客之路	201000	30	300	0	0	1	0	0	0	0	3,,1,清除本层所有怪物;	3,,0,击败对手;3,,0,击败对手;	0	140085	1	1.2	-2
140086	试炼86层	1	14	1	1	217,87.5,54	0,11,-9,60,100	JYFB	1002	大漠孤烟直,长河落日圆。安静的欣赏这异域荒漠的美景，突然铁皮人带着几个小跟班出现了，好煞风景	2960000	icon_nan	9	侠客之路	201000	30	300	0	0	1	0	0	0	0	3,,1,清除本层所有怪物;	3,,0,击败对手;3,,0,击败对手;	0	140086	1	1.2	-2
140087	试炼87层	1	14	1	1	217,87.5,54	0,11,-9,60,100	JYFB	1002	大漠孤烟直,长河落日圆。安静的欣赏这异域荒漠的美景，突然铁皮人带着几个小跟班出现了，好煞风景	3250000	icon_nv	9	侠客之路	201000	30	300	0	0	1	0	0	0	0	3,,1,清除本层所有怪物;	3,,0,击败对手;3,,0,击败对手;	0	140087	1	1.2	-2
140088	试炼88层	1	14	1	1	217,87.5,54	0,11,-9,60,100	JYFB	1002	大漠孤烟直,长河落日圆。安静的欣赏这异域荒漠的美景，突然铁皮人带着几个小跟班出现了，好煞风景	3290000	icon_boss	9	侠客之路	201000	30	300	0	0	1	0	0	0	0	3,,1,清除本层所有怪物;	3,,0,击败对手;3,,0,击败对手;	0	140088	1	1.2	-2
140089	试炼89层	1	14	1	1	217,87.5,54	0,11,-9,60,100	JYFB	1002	大漠孤烟直,长河落日圆。安静的欣赏这异域荒漠的美景，突然铁皮人带着几个小跟班出现了，好煞风景	3310000	icon_nan	9	侠客之路	201000	30	300	0	0	1	0	0	0	0	3,,1,清除本层所有怪物;	3,,0,击败对手;3,,0,击败对手;	0	140089	1	1.2	-2
140090	试炼90层	1	14	1	1	217,87.5,54	0,11,-9,60,100	JYFB	1002	大漠孤烟直,长河落日圆。安静的欣赏这异域荒漠的美景，突然铁皮人带着几个小跟班出现了，好煞风景	3350000	icon_nv	9	侠客之路	201000	30	300	0	0	1	0	0	0	0	3,,1,清除本层所有怪物;	3,,0,击败对手;3,,0,击败对手;	0	140090	1	1.2	-2
140091	试炼91层	1	14	1	1	217,87.5,54	0,11,-9,60,100	JYFB	1002	大漠孤烟直,长河落日圆。安静的欣赏这异域荒漠的美景，突然铁皮人带着几个小跟班出现了，好煞风景	3500000	icon_boss	10	侠客之路	201000	30	300	0	0	1	0	0	0	0	3,,1,清除本层所有怪物;	3,,0,击败对手;3,,0,击败对手;	0	140091	1	1.2	-2
140092	试炼92层	1	14	1	1	217,87.5,54	0,11,-9,60,100	JYFB	1002	大漠孤烟直,长河落日圆。安静的欣赏这异域荒漠的美景，突然铁皮人带着几个小跟班出现了，好煞风景	3550000	icon_nan	10	侠客之路	201000	30	300	0	0	1	0	0	0	0	3,,1,清除本层所有怪物;	3,,0,击败对手;3,,0,击败对手;	0	140092	1	1.2	-2
140093	试炼93层	1	14	1	1	217,87.5,54	0,11,-9,60,100	JYFB	1002	大漠孤烟直,长河落日圆。安静的欣赏这异域荒漠的美景，突然铁皮人带着几个小跟班出现了，好煞风景	3560000	icon_nv	10	侠客之路	201000	30	300	0	0	1	0	0	0	0	3,,1,清除本层所有怪物;	3,,0,击败对手;3,,0,击败对手;	0	140093	1	1.2	-2
140094	试炼94层	1	14	1	1	217,87.5,54	0,11,-9,60,100	JYFB	1002	大漠孤烟直,长河落日圆。安静的欣赏这异域荒漠的美景，突然铁皮人带着几个小跟班出现了，好煞风景	3600000	icon_boss	10	侠客之路	201000	30	300	0	0	1	0	0	0	0	3,,1,清除本层所有怪物;	3,,0,击败对手;3,,0,击败对手;	0	140094	1	1.2	-2
140095	试炼95层	1	14	1	1	217,87.5,54	0,11,-9,60,100	JYFB	1002	大漠孤烟直,长河落日圆。安静的欣赏这异域荒漠的美景，突然铁皮人带着几个小跟班出现了，好煞风景	3620000	icon_nan	10	侠客之路	201000	30	300	0	0	1	0	0	0	0	3,,1,清除本层所有怪物;	3,,0,击败对手;3,,0,击败对手;	0	140095	1	1.2	-2
140096	试炼96层	1	14	1	1	217,87.5,54	0,11,-9,60,100	JYFB	1002	大漠孤烟直,长河落日圆。安静的欣赏这异域荒漠的美景，突然铁皮人带着几个小跟班出现了，好煞风景	3730000	icon_nv	10	侠客之路	201000	30	300	0	0	1	0	0	0	0	3,,1,清除本层所有怪物;	3,,0,击败对手;3,,0,击败对手;	0	140096	1	1.2	-2
140097	试炼97层	1	14	1	1	217,87.5,54	0,11,-9,60,100	JYFB	1002	大漠孤烟直,长河落日圆。安静的欣赏这异域荒漠的美景，突然铁皮人带着几个小跟班出现了，好煞风景	3770000	icon_boss	10	侠客之路	201000	30	300	0	0	1	0	0	0	0	3,,1,清除本层所有怪物;	3,,0,击败对手;3,,0,击败对手;	0	140097	1	1.2	-2
140098	试炼98层	1	14	1	1	217,87.5,54	0,11,-9,60,100	JYFB	1002	大漠孤烟直,长河落日圆。安静的欣赏这异域荒漠的美景，突然铁皮人带着几个小跟班出现了，好煞风景	3870000	icon_nan	10	侠客之路	201000	30	300	0	0	1	0	0	0	0	3,,1,清除本层所有怪物;	3,,0,击败对手;3,,0,击败对手;	0	140098	1	1.2	-2
140099	试炼99层	1	14	1	1	217,87.5,54	0,11,-9,60,100	JYFB	1002	大漠孤烟直,长河落日圆。安静的欣赏这异域荒漠的美景，突然铁皮人带着几个小跟班出现了，好煞风景	3900000	icon_nv	10	侠客之路	201000	30	300	0	0	1	0	0	0	0	3,,1,清除本层所有怪物;	3,,0,击败对手;3,,0,击败对手;	0	140099	1	1.2	-2
140100	试炼100层	1	14	1	1	217,87.5,54	0,11,-9,60,100	JYFB	1002	大漠孤烟直,长河落日圆。安静的欣赏这异域荒漠的美景，突然铁皮人带着几个小跟班出现了，好煞风景	3950000	icon_boss	10	侠客之路	201000	30	300	0	0	1	0	0	0	0	3,,1,清除本层所有怪物;	3,,0,击败对手;3,,0,击败对手;	0	140100	1	1.2	-2
140101	试炼101层	1	14	1	1	217,87.5,54	0,11,-9,60,100	JYFB	1002	大漠孤烟直,长河落日圆。安静的欣赏这异域荒漠的美景，突然铁皮人带着几个小跟班出现了，好煞风景	4000000	icon_nan	11	侠客之路	201000	30	300	0	0	1	0	0	0	0	3,,1,清除本层所有怪物;	3,,0,击败对手;3,,0,击败对手;	0	140101	1	1.2	-2
140102	试炼102层	1	14	1	1	217,87.5,54	0,11,-9,60,100	JYFB	1002	大漠孤烟直,长河落日圆。安静的欣赏这异域荒漠的美景，突然铁皮人带着几个小跟班出现了，好煞风景	4030000	icon_nv	11	侠客之路	201000	30	300	0	0	1	0	0	0	0	3,,1,清除本层所有怪物;	3,,0,击败对手;3,,0,击败对手;	0	140102	1	1.2	-2
140103	试炼103层	1	14	1	1	217,87.5,54	0,11,-9,60,100	JYFB	1002	大漠孤烟直,长河落日圆。安静的欣赏这异域荒漠的美景，突然铁皮人带着几个小跟班出现了，好煞风景	4080000	icon_boss	11	侠客之路	201000	30	300	0	0	1	0	0	0	0	3,,1,清除本层所有怪物;	3,,0,击败对手;3,,0,击败对手;	0	140103	1	1.2	-2
140104	试炼104层	1	14	1	1	217,87.5,54	0,11,-9,60,100	JYFB	1002	大漠孤烟直,长河落日圆。安静的欣赏这异域荒漠的美景，突然铁皮人带着几个小跟班出现了，好煞风景	4110000	icon_nan	11	侠客之路	201000	30	300	0	0	1	0	0	0	0	3,,1,清除本层所有怪物;	3,,0,击败对手;3,,0,击败对手;	0	140104	1	1.2	-2
140105	试炼105层	1	14	1	1	217,87.5,54	0,11,-9,60,100	JYFB	1002	大漠孤烟直,长河落日圆。安静的欣赏这异域荒漠的美景，突然铁皮人带着几个小跟班出现了，好煞风景	4140000	icon_nv	11	侠客之路	201000	30	300	0	0	1	0	0	0	0	3,,1,清除本层所有怪物;	3,,0,击败对手;3,,0,击败对手;	0	140105	1	1.2	-2
140106	试炼106层	1	14	1	1	217,87.5,54	0,11,-9,60,100	JYFB	1002	大漠孤烟直,长河落日圆。安静的欣赏这异域荒漠的美景，突然铁皮人带着几个小跟班出现了，好煞风景	4250000	icon_boss	11	侠客之路	201000	30	300	0	0	1	0	0	0	0	3,,1,清除本层所有怪物;	3,,0,击败对手;3,,0,击败对手;	0	140106	1	1.2	-2
140107	试炼107层	1	14	1	1	217,87.5,54	0,11,-9,60,100	JYFB	1002	大漠孤烟直,长河落日圆。安静的欣赏这异域荒漠的美景，突然铁皮人带着几个小跟班出现了，好煞风景	4290000	icon_nan	11	侠客之路	201000	30	300	0	0	1	0	0	0	0	3,,1,清除本层所有怪物;	3,,0,击败对手;3,,0,击败对手;	0	140107	1	1.2	-2
140108	试炼108层	1	14	1	1	217,87.5,54	0,11,-9,60,100	JYFB	1002	大漠孤烟直,长河落日圆。安静的欣赏这异域荒漠的美景，突然铁皮人带着几个小跟班出现了，好煞风景	4310000	icon_nv	11	侠客之路	201000	30	300	0	0	1	0	0	0	0	3,,1,清除本层所有怪物;	3,,0,击败对手;3,,0,击败对手;	0	140108	1	1.2	-2
140109	试炼109层	1	14	1	1	217,87.5,54	0,11,-9,60,100	JYFB	1002	大漠孤烟直,长河落日圆。安静的欣赏这异域荒漠的美景，突然铁皮人带着几个小跟班出现了，好煞风景	4360000	icon_boss	11	侠客之路	201000	30	300	0	0	1	0	0	0	0	3,,1,清除本层所有怪物;	3,,0,击败对手;3,,0,击败对手;	0	140109	1	1.2	-2
140110	试炼110层	1	14	1	1	217,87.5,54	0,11,-9,60,100	JYFB	1002	大漠孤烟直,长河落日圆。安静的欣赏这异域荒漠的美景，突然铁皮人带着几个小跟班出现了，好煞风景	4380000	icon_nan	11	侠客之路	201000	30	300	0	0	1	0	0	0	0	3,,1,清除本层所有怪物;	3,,0,击败对手;3,,0,击败对手;	0	140110	1	1.2	-2
140111	试炼111层	1	14	1	1	217,87.5,54	0,11,-9,60,100	JYFB	1002	大漠孤烟直,长河落日圆。安静的欣赏这异域荒漠的美景，突然铁皮人带着几个小跟班出现了，好煞风景	4620000	icon_nv	12	侠客之路	201000	30	300	0	0	1	0	0	0	0	3,,1,清除本层所有怪物;	3,,0,击败对手;3,,0,击败对手;	0	140111	1	1.2	-2
140112	试炼112层	1	14	1	1	217,87.5,54	0,11,-9,60,100	JYFB	1002	大漠孤烟直,长河落日圆。安静的欣赏这异域荒漠的美景，突然铁皮人带着几个小跟班出现了，好煞风景	4770000	icon_boss	12	侠客之路	201000	30	300	0	0	1	0	0	0	0	3,,1,清除本层所有怪物;	3,,0,击败对手;3,,0,击败对手;	0	140112	1	1.2	-2
140113	试炼113层	1	14	1	1	217,87.5,54	0,11,-9,60,100	JYFB	1002	大漠孤烟直,长河落日圆。安静的欣赏这异域荒漠的美景，突然铁皮人带着几个小跟班出现了，好煞风景	4790000	icon_nan	12	侠客之路	201000	30	300	0	0	1	0	0	0	0	3,,1,清除本层所有怪物;	3,,0,击败对手;3,,0,击败对手;	0	140113	1	1.2	-2
140114	试炼114层	1	14	1	1	217,87.5,54	0,11,-9,60,100	JYFB	1002	大漠孤烟直,长河落日圆。安静的欣赏这异域荒漠的美景，突然铁皮人带着几个小跟班出现了，好煞风景	4810000	icon_nv	12	侠客之路	201000	30	300	0	0	1	0	0	0	0	3,,1,清除本层所有怪物;	3,,0,击败对手;3,,0,击败对手;	0	140114	1	1.2	-2
140115	试炼115层	1	14	1	1	217,87.5,54	0,11,-9,60,100	JYFB	1002	大漠孤烟直,长河落日圆。安静的欣赏这异域荒漠的美景，突然铁皮人带着几个小跟班出现了，好煞风景	4870000	icon_boss	12	侠客之路	201000	30	300	0	0	1	0	0	0	0	3,,1,清除本层所有怪物;	3,,0,击败对手;3,,0,击败对手;	0	140115	1	1.2	-2
140116	试炼116层	1	14	1	1	217,87.5,54	0,11,-9,60,100	JYFB	1002	大漠孤烟直,长河落日圆。安静的欣赏这异域荒漠的美景，突然铁皮人带着几个小跟班出现了，好煞风景	5020000	icon_nan	12	侠客之路	201000	30	300	0	0	1	0	0	0	0	3,,1,清除本层所有怪物;	3,,0,击败对手;3,,0,击败对手;	0	140116	1	1.2	-2
140117	试炼117层	1	14	1	1	217,87.5,54	0,11,-9,60,100	JYFB	1002	大漠孤烟直,长河落日圆。安静的欣赏这异域荒漠的美景，突然铁皮人带着几个小跟班出现了，好煞风景	5060000	icon_nv	12	侠客之路	201000	30	300	0	0	1	0	0	0	0	3,,1,清除本层所有怪物;	3,,0,击败对手;3,,0,击败对手;	0	140117	1	1.2	-2
140118	试炼118层	1	14	1	1	217,87.5,54	0,11,-9,60,100	JYFB	1002	大漠孤烟直,长河落日圆。安静的欣赏这异域荒漠的美景，突然铁皮人带着几个小跟班出现了，好煞风景	5110000	icon_boss	12	侠客之路	201000	30	300	0	0	1	0	0	0	0	3,,1,清除本层所有怪物;	3,,0,击败对手;3,,0,击败对手;	0	140118	1	1.2	-2
140119	试炼119层	1	14	1	1	217,87.5,54	0,11,-9,60,100	JYFB	1002	大漠孤烟直,长河落日圆。安静的欣赏这异域荒漠的美景，突然铁皮人带着几个小跟班出现了，好煞风景	5150000	icon_nan	12	侠客之路	201000	30	300	0	0	1	0	0	0	0	3,,1,清除本层所有怪物;	3,,0,击败对手;3,,0,击败对手;	0	140119	1	1.2	-2
140120	试炼120层	1	14	1	1	217,87.5,54	0,11,-9,60,100	JYFB	1002	大漠孤烟直,长河落日圆。安静的欣赏这异域荒漠的美景，突然铁皮人带着几个小跟班出现了，好煞风景	5170000	icon_nan	12	侠客之路	201000	30	300	0	0	1	0	0	0	0	3,,1,清除本层所有怪物;	3,,0,击败对手;3,,0,击败对手;	0	140120	1	1.2	-2
150001	智过机关阵	1	15	1	1	217,87.5,54	0,11,-9,60,0	THD_1	1002	路到尽头只能原路返还，小心躲过岛上守卫的盘查，原路的阻挡已被清除，突然冲来一个魁梧莽汉，小心应付	5000	img_jq102	1	桃花岛佳人	201002	30	300	0	40000	1	0	0	0	0	3,,1,破坏机关;	1,300,1,300秒内通关;5,0|60,1,自身血量高于60%;	0	40002	1	85	-2.4
150002	协助退兽潮	1	15	1	1	217,87.5,54	0,11,-9,60,0	THD_2	1002	感觉又走错了，越走越荒凉，好多野猴，突然前面几个人被好多猴子包围了，阿弥陀佛救人一命，胜造七级浮屠	5000	img_jq105	1	桃花岛佳人	201002	30	300	0	40003	1	0	0	0	0	2,80|3000013|3000014|30000137|30000138,1,协助击败入侵野兽;	1,300,1,300秒内通关;5,0|60,1,自身血量高于60%;	0	40004	1	2.63	-2.4
150003	桃岛大弟子	1	15	1	1	217,87.5,54	0,11,-9,60,0	THD	1002	终于到了桃花岛，尽快寻找黄姑娘问清缘由，岛上戒备要森严很多，又遇到了之前遇到的铁臂人，全力击杀。	5000	img_jq108	1	桃花岛佳人	201002	30	300	0	40006	1	0	0	0	0	2,1|3000028,1,打败梅玄风;	1,300,1,300秒内通关;5,0|60,1,自身血量高于60%;	0	40009	1	2.63	-2.4
150004	古墓守将	1	15	1	1	217,87.5,54	0,11,-9,60,190	DG_2	1002	古墓机关密布，凶猛野兽重重围困，小心谨慎为妙！	5000	img_jq202	2	勇闯尘封古墓	201003	30	300	0	40010	1	0	0	0	0	3,,1,打败所有怪物;	1,100,1,100秒内通关;5,0|60,1,自身血量高于60%;	0	40015	1	2.63	-2.4
150005	石俑迷阵	1	15	1	1	217,87.5,54	0,11,-9,60,102	DG_3	1002	古墓遇见神秘蒙面军，为何在此把守？	5000	img_jq204	2	勇闯尘封古墓	201003	30	300	0	40012	1	0	0	0	0	2,1|3000071,1,击败石俑统帅;	1,100,1,100秒内通关;5,0|60,1,自身血量高于60%;	0	40018	1	2.63	-2.4
150006	古墓之王	1	15	1	1	217,87.5,54	0,11,-9,60,265	DG_3	1002	神兵冥冥之中强化我的意志，让我获得重生	5000	img_jq210	2	勇闯尘封古墓	201003	30	300	0	40018	1	0	0	0	0	3,,1,打败秦皇;	1,100,1,100秒内通关;5,0|60,1,自身血量高于60%;	0	40019	1	2.63	-2.4
150007	两军对垒	1	15	1	1	217,87.5,54	0,11,-9,60,246	XY	1002	怪兽光天化日之下屠杀村庄居民，盼得英雄来相助	5000	img_jq303	3	大漠比武招亲	201001	30	300	0	40021	1	0	0	0	0	3,,1,打败所有怪物;	1,100,1,100秒内通关;5,0|60,1,自身血量高于60%;	0	40022	1	2.63	-2.4
150008	王子拦路	1	15	1	1	217,87.5,54	0,11,-9,60,246	XY_3	1002	与败将试炼比武招亲，堪称赛前热身	5000	img_jq305	3	大漠比武招亲	201001	30	300	0	40023	3	0	0	0	0	2,1|3000121,1,打败西夏王子;	1,100,1,100秒内通关;5,0|60,1,自身血量高于60%;	0	40027	1	2.63	-2.4
150009	美人归心	1	15	1	1	217,87.5,54	0,11,-9,60,94	XY_3	1002	施展硬功夫，博得全场喝彩	5000	img_jq310	3	大漠比武招亲	201001	30	300	0	40028	1	0	0	0	0	3,,1,打败所有怪物;	1,100,1,100秒内通关;5,0|60,1,自身血量高于60%;	0	40029	1	2.63	-2.4
150010	皇城被侵占	1	15	1	1	217,87.5,54	0,11,-9,60,180	KFF	1002	大侠步步为营，小心谨慎探明真相	5000	img_jq406	4	收复皇城失地	203304	30	300	0	40034	1	0	0	0	0	3,,1,打败所有怪物;	1,100,1,100秒内通关;5,0|60,1,自身血量高于60%;	0	40035	1	2.63	-2.4
150011	激战皇城左	1	15	1	1	217,87.5,54	0,11,-9,60,326	KFF	1002	击杀万恶小头目，逼问城内虚实	5000	img_jq407	4	收复皇城失地	203304	30	300	0	40035	1	0	0	0	0	3,,1,打败所有怪物;	1,100,1,100秒内通关;5,0|60,1,自身血量高于60%;	0	40036	1	2.63	-2.4
150012	决战的前夕	1	15	1	1	217,87.5,54	0,11,-9,60,326	KFF	1002	少林大师被囚禁，骁勇来搭救	5000	img_jq409	4	收复皇城失地	203304	30	300	0	40037	3	0	0	0	0	2,1|3000177,1,击败西夏剑皇;	1,100,1,100秒内通关;5,0|60,1,自身血量高于60%;	0	40038	1	2.63	-2.4
160001	论剑准备区	1	16	100	1	89.34,42.1,79.52;105.04,42.1,79.52;95.58,42.1,105.21;104.8,42.1,93.37;99.21,42.1,85.72;97.83,42.1,76.51;98.21,42.1,67.54;92.13,42.1,70.9;94.75,42.1,113.1;87.94,42.1,103.65;85.36,42.1,90.63;105.37,42.1,71.91;112.15,42.1,75.97;112.15,42.1,86.65;112.15,42.1,	0,11,-9,60,270	JHZB	1002	大漠孤烟直,长河落日圆。安静的欣赏这异域荒漠的美景，突然铁皮人带着几个小跟班出现了，好煞风景	5000	img_jq101	1	比武擂台	201000	30	300	0	0	1	0	0	0	0	4,1500,1,1500秒内通关;	4,1500,1,1500秒内通关;4,1500,1,1500秒内通关;	0	160001	1	1.2	-2
170002	天下第一庄	1	17	1	1	89.34,42.1,79.52;105.04,42.1,79.52;95.58,42.1,105.21;104.8,42.1,93.37;99.21,42.1,85.72;97.83,42.1,76.51;98.21,42.1,67.54;92.13,42.1,70.9;94.75,42.1,113.1;87.94,42.1,103.65;85.36,42.1,90.63;105.37,42.1,71.91;112.15,42.1,75.97;112.15,42.1,86.65;112.15,42.1,	0,11,-9,60,318	TXDYZ	1002	大漠孤烟直,长河落日圆。安静的欣赏这异域荒漠的美景，突然铁皮人带着几个小跟班出现了，好煞风景	5000	img_jq101	1	比武擂台	201000	30	1500	0	0	1	0	0	0	0	3,,1,占领天下第一庄;	4,1500,0,1500秒内通关;4,1500,0,1500秒内通关;	0	170002	0	1.2	-2
510003	切磋地图	1	51	1	1	128.66;19.37;116	0,11,-9,60,100	LT	1002	大漠孤烟直,长河落日圆。安静的欣赏这异域荒漠的美景，突然铁皮人带着几个小跟班出现了，好煞风景	5000	img_jq101	1	比武擂台	201000	30	300	0	0	1	0	0	0	0	3,,1,击败擂台对手;	3,,0,击败对手;3,,0,击败对手;	0	510003	1	1.2	-2
800001	组队副本	1	80	3	1	217,87.5,54	0,11,-9,60,190	DG_1	1002	地宫出了的邪恶怪物被一群邪兽召唤了出来，侠客们赶快去阻止他们！！	10000	img_jq201	1	组队副本	201005	30	600	0	0	1	0	0	0	0	3,,1,击杀所有怪物;	3,,0,击败对手;3,,0,击败对手;	0	800001	1	1.2	-2
800002	组队副本2	1	80	3	1	217,87.5,54	0,11,-9,60,190	DG_1	1002	地宫出了的邪恶怪物被一群邪兽召唤了出来，侠客们赶快去阻止他们！！	10000	img_jq201	1	组队副本	201005	30	600	0	0	1	0	0	0	0	3,,1,击杀所有怪物;	3,,0,击败对手;3,,0,击败对手;	0	800001	1	1.2	-2
800003	组队副本3	1	80	3	1	217,87.5,54	0,7,-9,60,180	XY	1002	地宫出了的邪恶怪物被一群邪兽召唤了出来，侠客们赶快去阻止他们！！	10000	img_jq201	1	组队副本	201005	30	600	0	0	1	0	0	0	0	3,,1,击杀所有怪物;	3,,0,击败对手;3,,0,击败对手;	0	800003	1	1.2	-2
800004	组队副本4	1	80	3	1	217,87.5,54	0,7,-9,60,180	XY	1002	地宫出了的邪恶怪物被一群邪兽召唤了出来，侠客们赶快去阻止他们！！	10000	img_jq201	1	组队副本	201005	30	600	0	0	1	0	0	0	0	3,,1,击杀所有怪物;	3,,0,击败对手;3,,0,击败对手;	0	800003	1	1.2	-2
810001	论剑战场	1	81	8	2	128.66,19.37,116	0,11,-9,60,270	JHLJ	1002	大漠孤烟直,长河落日圆。安静的欣赏这异域荒漠的美景，突然铁皮人带着几个小跟班出现了，好煞风景	5000	img_jq101	1	比武擂台	201000	30	300	0	0	1	0	0	0	0	4,1500,1,1500秒内通关;	4,1500,1,1500秒内通关;4,1500,1,1500秒内通关;	0	810001	1	1.2	-2
820001	1v1天梯	1	82	2	1	128.66;19.37;116	0,11,-9,60,100	LT	1002	大漠孤烟直,长河落日圆。安静的欣赏这异域荒漠的美景，突然铁皮人带着几个小跟班出现了，好煞风景	5000	img_jq101	1	比武擂台	201000	30	300	0	0	1	0	0	0	0	3,,1,击败擂台对手;	3,,0,击败对手;3,,0,击败对手;	0	820001	1	1.2	-2
