id	name	modleId	camp	type	birthAnimation	level	horoscopeId	battlePoint	criticalAll	dodgeAll	hitAll	antiCriticalAll	strikeAll	armorAll	antiStrikeAll	damageRAll	shieldRecoverAll	shieldCdAll	moveSpeed	aiId	skillId	dropId	showDropId	isActive	isInvincible	size	isShowHP	deathSkillId	monsterIcon	hpThickness	cruiseDialogue	skillDialogue	birthDialogue	deathDialogue	runDialogue	dialogueShowTime	dialogueCD
2000002	野猴	203608	2	1	0	3	2	2230	500	500	9000	5	0	0	0	0	0	10	5	103	500001	0	1	1	0	1	1	0	icon_guaiwu_30	0						1	5
2000003	野猴头领	203617	2	3	0	3	21	2230	500	500	9000	5	0	50	0	0	0	10	5	201	510001;520001	0	2	1	0	1	1	0	icon_guaiwu_30	5		吼~吼吼				1	5
2000028	神秘人	202110	1	2	0	3	23	2230	500	500	9000	5	0	50	0	0	0	10	5	306	510001;520001;520004;520007	0	0	1	0	1	1	0	icon_guaiwu_19	0							
2000017	神秘游客	203004	1	2	0	5	23	2322	500	500	9000	5	0	50	0	0	0	10	5	100	500000	0	0	1	0	1	1	0	icon_guaiwu_8	0							
2000018	野蜂	203613	2	1	0	5	2	2322	500	500	9000	5	0	0	0	0	0	10	5	103	500001	0	1	1	0	1	1	0	icon_guaiwu_30	0						1	5
2000023	野蜂王	203618	2	2	0	5	21	2322	500	500	9000	5	0	500000	0	0	0	10	5	100	1000000	0	2	1	0	1	1	0	icon_guaiwu_30	0						1	5
2000019	野狼	203607	2	1	0	5	6	2322	500	500	9000	5	0	50	0	0	0	10	5	103	500000	0	1	1	0	1	1	0	icon_guaiwu_30	0						1	5
2000037	神秘人	203101	2	1	0	10	7	2630	500	500	9000	5	0	0	0	0	0	10	5	103	500000	0	1	1	0	1	1	0	icon_guaiwu_29	0							
2000038	神秘人	203102	2	3	0	10	21	2630	500	500	9000	5	0	50	0	0	0	10	5	201	501002;502002	0	2	1	0	1	1	0	icon_guaiwu_29	0							
2000001	地痞	203001	2	1	0	13	2	6364	500	500	9000	5	0	0	0	0	0	10	5	103	500000	0	1	1	0	1	1	0	icon_guaiwu_8	0						1	5
2000020	阿姐	202001	1	2	0	13	23	6364	500	500	9000	5	0	50	0	0	0	10	5	1003	500000	0	0	1	0	1	1	0	icon_nv	0							
2000029	阿姐	202001	1	2	0	15	23	6918	500	500	9000	5	0	50	0	0	0	10	3	1003	500000	0	0	1	0	1	1	0	icon_nv	0							
2000021	地痞	203001	2	1	0	15	2	6918	500	500	9000	5	0	0	0	0	0	10	5	103	500000	0	1	1	0	1	1	0	icon_guaiwu_8	0						1	5
2000022	地痞首领	203313	2	2	0	15	21	6918	500	500	9000	5	0	30	0	0	0	10	5	202	510001;520001	0	2	1	0	1	1	0	icon_guaiwu_8	0						1	5
2000024	刘剑晶	203301	1	2	0	15	28	6918	500	500	9000	5	0	50	0	0	0	10	5	100	500000	0	3	1	0	1	1	0	icon_guaiwu_7	0						1	5
2000004	铁面侠	201000	2	3	0	10	28	2630	500	500	9000	5	0	100	0	0	0	10	5	303	510001;520001;520004;520007	0	3	1	0	1	1	0	icon_boss	10							
2000005	移动到此	210006	1	2	0	100	9	1980	500	500	9000	5	0	50	0	0	0	10	0	3001	510001;520001	0	1	1	1	1	0	0	icon_guaiwu_23	0							
2000006	侍卫首领	203311	2	2	0	100	102	700000	500	500	9000	5	0	30	0	0	0	10	5	202	510001;520001	0	2	1	0	1	1	0	icon_guaiwu_6	0						1	5
2000007	侍卫	203308	2	1	0	100	103	700000	500	500	9000	5	0	0	0	0	0	10	5	103	500000	0	1	1	0	1	1	0	icon_guaiwu_3	0						1	5
2000008	侍卫首领	203313	2	2	0	100	102	700000	500	500	9000	5	0	30	0	0	0	10	5	202	510001;520001	0	2	1	0	1	1	0	icon_guaiwu_8	0						1	5
2000009	侍卫	203001	2	1	0	100	103	700000	500	500	9000	5	0	0	0	0	0	10	5	103	500000	0	1	1	0	1	1	0	icon_guaiwu_8	0						1	5
2000010	受惊美女	900000	1	2	0	100	102	700000	500	500	9000	5	0	100	0	0	0	10	5	103	500000	0	1	1	0	1	1	0	icon_skill_meiren_1	0						1	5
2000011	萧乔	202106	1	2	0	100	104	700000	500	500	9000	5	0	100	0	0	0	10	5	306	510001;520001;520004;	0	2	1	0	1	1	0	icon_touxiang3	0						1	5
2000012	铁面侠	201000	1	2	0	100	104	700000	500	500	9000	5	0	100	0	0	0	10	5	306	510001;520001;520004;520007	0	2	1	0	1	1	0	icon_boss	0						1	5
2000013	第一庄主	202116	2	3	0	100	104	700000	500	500	9000	5	0	100	0	0	0	10	5	305	510001;520001;520004;	0	2	1	0	1	1	0	icon_guaiwu_28	8						1	5
2000014	角色替换	900000	1	2	0	100	1	460000	500	500	9000	5	0	100	0	0	0	10	7	306	510001;520001;520004;	0	1	1	0	1	1	0	icon_skill_meiren_1	0						1	5
2000015	美人替换	900000	1	2	0	100	104	700000	500	500	9000	5	0	100	0	0	0	10	7	306	510001;520001;520004;520007	0	1	1	0	1	0	0	icon_skill_meiren_1	0						1	5
2000016	神兵	202117	2	2	0	100	1	1980	500	500	9000	5	0	50	0	0	0	10	5	100	1000000	0	2	1	0	1	0	0	icon_guaiwu_8	0						1	5
2000025	机关傀儡	203600	2	1	0	1	1	2200	500	500	9000	5	0	0	0	0	0	10	5	104	1000000	0	1	1	0	1	1	0	icon_guaiwu_30	0						1	5
2000026	阵眼守护者	203602	2	2	0	100	1	681271.1096	500	500	9000	5	0	50	0	0	0	10	5	100	1000000	0	2	1	0	1	1	0	icon_guaiwu_30	0						1	5
2000027	王姑娘	203500	2	2	0	100	1	681271.1096	500	500	9000	5	0	50	0	0	0	10	5	100	1000000	0	2	1	0	1	1	0	icon_guaiwu_23	0							
2000030	铁面侠	201000	2	3	0	100	23	681271.1096	500	500	9000	5	0	100	0	0	0	5	5	303	510001;520001;520004;520007	0	3	1	0	1	1	0	icon_boss	10							
2000031	小喽喽	203003	2	1	0	100	2	681271.1096	500	500	9000	5	0	0	0	0	0	10	5	103	500000	0	1	1	0	1	1	0	icon_guaiwu_8	0							
2000032	铁面侠	201000	2	3	0	100	24	681271.1096	500	500	9000	5	0	100	0	0	0	5	5	303	510001;520001;520004;520007	0	3	1	0	1	1	0	icon_boss	10							
2000033	小喽喽	203003	2	1	0	100	3	681271.1096	500	500	9000	5	0	0	0	0	0	10	5	103	500000	0	1	1	0	1	1	0	icon_guaiwu_8	0							
2000034	铁面侠	201000	2	3	0	100	28	681271.1096	500	500	9000	5	0	100	0	0	0	5	5	303	510001;520001;520004;520007	0	3	1	0	1	1	0	icon_boss	10							
2000035	小喽喽	203003	2	1	0	100	7	681271.1096	500	500	9000	5	0	0	0	0	0	10	5	103	500000	0	1	1	0	1	1	0	icon_guaiwu_8	0							
2000036	幻象	201000	2	3	0	100	28	681271.1096	500	500	9000	5	0	100	0	0	0	5	5	303	510001;520001;520004;520007	0	3	1	0	1	1	0	icon_boss	10							
2000084	卖艺壮汉	202110	2	3	0	21	28	8666	500	500	9000	5	0	50	0	0	0	10	5	306	510001;520001;520004;520007	0	1	1	0	1	1	0	icon_guaiwu_19	5							
2000039	狐朋狗友	203001	2	1	0	22	9	8968	500	500	9000	5	0	0	0	0	0	10	5	103	500000	0	1	1	0	1	1	0	icon_guaiwu_8	0							
2000040	刘大挺	203306	1	1	0	22	21	8968	500	500	9000	5	0	0	0	0	0	10	5	103	500000	0	1	1	0	1	1	0	icon_guaiwu_7	0							
2000085	恶霸	203313	2	2	0	23	21	9356	500	500	9000	5	0	50	0	0	0	10	5	202	510001;520001	0	2	1	0	1	1	0	icon_guaiwu_8	0							
2000086	打手	203001	2	1	0	23	9	9356	500	500	9000	5	0	0	0	0	0	10	5	103	500000	0	2	1	0	1	1	0	icon_guaiwu_8	0							
2000092	阿燕	202002	1	2	0	23	23	9356	500	500	9000	5	0	50	0	0	0	10	5	1003	500000	0	0	1	0	1	1	0	icon_nv	0							
2000041	神秘人	203101	2	1	0	24	7	9664	500	500	9000	5	0	0	0	0	0	10	5	103	500000	0	1	1	0	1	1	0	icon_guaiwu_29	0							
2000042	神秘人	203102	2	2	0	24	21	9664	500	500	9000	5	0	50	0	0	0	10	5	201	501002;502002	0	2	1	0	1	1	0	icon_guaiwu_29	0							
2000043	开封守将	203103	1	1	0	24	21	9664	500	500	9000	5	0	50	0	0	0	10	5	103	500000	0	1	1	0	1	1	0	icon_guaiwu_5	0							
2000044	开封守卫	203104	1	1	0	24	14	9664	500	500	9000	5	0	0	0	0	0	10	5	104	500000	0	1	1	0	1	1	0	icon_guaiwu_5	0							
2000045	萧乔	202106	2	3	0	25	27	9976	500	500	9000	5	0	100	0	0	0	10	5	306	510001;520001;520004;	0	1	1	0	1	1	0	icon_touxiang3	5							
2000046	神秘人	203101	2	1	0	26	7	10292	500	500	9000	5	0	0	0	0	0	10	5	103	500000	0	1	1	0	1	1	0	icon_guaiwu_29	0							
2000047	神秘人	203102	2	2	0	26	21	10292	500	500	9000	5	0	50	0	0	0	10	5	201	501002;502002	0	2	1	0	1	1	0	icon_guaiwu_29	0							
2000048	开封守卫	203104	1	1	0	26	9	10292	500	500	9000	5	0	0	0	0	0	10	5	104	500000	0	1	1	0	1	1	0	icon_guaiwu_5	0							
2000049	百事通	202116	1	1	0	26	22	10292	500	500	9000	5	0	10000	0	0	0	10	5	103	500000	0	1	1	0	1	1	0	icon_guaiwu_28	0							
2000050	神秘人	203101	2	1	0	28	7	16868	500	500	9000	5	0	0	0	0	0	10	5	103	500000	0	1	1	0	1	1	0	icon_guaiwu_29	0							
2000051	神秘人	203102	2	2	0	28	21	16868	500	500	9000	5	0	50	0	0	0	10	5	201	501002;502002	0	2	1	0	1	1	0	icon_guaiwu_29	0							
2000052	开封守卫	203104	1	1	0	28	15	16868	500	500	9000	5	0	0	0	0	0	10	5	104	500000	0	1	1	0	1	1	0	icon_guaiwu_5	0							
2000087	西夏士兵	203108	2	1	0	29	14	18686	500	500	9000	5	0	0	0	0	0	10	5	103	500000	0	1	1	0	1	1	0	icon_guaiwu_16	0							
2000088	西夏将军	203627	2	2	0	29	21	18686	500	500	9000	5	0	50	0	0	0	10	5	103	500000	0	2	1	0	1	1	0	icon_guaiwu_16	0							
2000089	开封守卫	203104	1	1	0	29	8	18686	500	500	9000	5	0	0	0	0	0	10	5	103	500000	0	1	1	0	1	1	0	icon_guaiwu_5	0							
2000090	开封守将	203103	1	2	0	29	21	18686	500	500	9000	5	0	50	0	0	0	10	5	103	500000	0	1	1	0	1	1	0	icon_guaiwu_5	0							
2000091	弓弩	210004	1	1	0	29	21	18686	500	500	9000	5	0	0	0	0	0	10	5	3000	700006	0	1	1	0	1	1	0	icon_guaiwu_23	0							
2000053	神秘人	203101	2	1	0	30	7	22985.6	500	500	9000	5	0	0	0	0	0	10	5	103	500000	0	1	1	0	1	1	0	icon_guaiwu_29	0							
2000054	神秘人	203102	2	2	0	30	21	22985.6	500	500	9000	5	0	50	0	0	0	10	5	201	501002;502002	0	2	1	0	1	1	0	icon_guaiwu_29	0							
2000055	钟小绊	203308	1	1	0	30	21	22985.6	500	500	9000	5	0	0	0	0	0	10	5	103	500000	0	1	1	0	1	1	0	icon_guaiwu_3	0							
2000056	花为荣	203311	2	3	0	31	22	23431.2	500	500	9000	5	0	50	0	0	0	10	5	202	510001;520001	0	2	1	0	1	1	0	icon_guaiwu_6	10							
2000057	流寇	203001	2	1	0	32	10	23876.8	500	500	9000	5	0	0	0	0	0	10	5	103	500000	0	1	1	0	1	1	0	icon_guaiwu_8	0							
2000058	流寇头目	203000	2	2	0	32	20	23876.8	500	500	9000	5	0	50	0	0	0	10	5	103	500000	0	2	1	0	1	1	0	icon_guaiwu_8	0							
2000077	受惊村民	202101	1	2	0	33	23	24555.48	500	500	9000	5	0	50	0	0	0	10	5	103	500000	0	0	1	0	1	1	0	icon_touxiang3	0							
2000078	受惊村民	203303	1	2	0	33	23	24555.48	500	500	9000	5	0	50	0	0	0	10	5	103	500000	0	0	1	0	1	1	0	icon_guaiwu_24	0							
2000079	受惊村民	202001	1	2	0	33	23	24555.48	500	500	9000	5	0	50	0	0	0	10	5	103	500000	0	0	1	0	1	1	0	icon_nv	0							
2000080	村长	202102	1	2	0	33	23	24555.48	500	500	9000	5	0	50	0	0	0	10	5	103	500000	0	0	1	0	1	1	0	icon_touxiang3	0							
2000081	阿离	203501	1	2	0	33	23	24555.48	500	500	9000	5	0	50	0	0	0	10	5	103	500000	0	0	1	0	1	1	0	icon_guaiwu_23	0							
2000082	流寇	203001	2	1	0	33	10	24555.48	500	500	9000	5	0	0	0	0	0	10	5	103	500000	0	1	1	0	1	1	0	icon_guaiwu_8	0							
2000083	流寇头目	203000	2	2	0	33	20	24555.48	500	500	9000	5	0	50	0	0	0	10	5	103	500000	0	2	1	0	1	1	0	icon_guaiwu_8	0							
2000059	铁蜻蜓	900004	2	3	0	34	23	27949.8	500	500	9000	5	0	100	0	0	0	10	5	306	510001;520001;520004;520007	0	1	1	0	1	1	0	icon_skill_meiren_1	10							
2000060	莫一刀	203313	2	3	0	35	24	31346.24	500	500	9000	5	0	100	0	0	0	10	5	202	510001;520001	0	1	1	0	1	1	0	icon_guaiwu_8	10							
2000061	周百棍	203311	2	3	0	35	23	31346.24	500	500	9000	5	0	100	0	0	0	10	5	202	510001;520001	0	1	1	0	1	1	0	icon_guaiwu_6	10							
2000062	段青阳	203309	2	3	0	36	24	32111.8	500	500	9000	5	0	100	0	0	0	10	5	103	500000	0	1	1	0	1	1	0	icon_guaiwu_6	10							
2000063	萧乔	202106	2	3	0	37	23	32889.76	500	500	9000	5	0	100	0	0	0	10	5	306	510001;520001;520004;	0	1	1	0	1	1	0	icon_touxiang3	10							
2000064	林游岳	203312	2	3	0	38	22	33482.68	500	500	9000	5	0	100	0	0	0	10	5	103	500000	0	1	1	0	1	1	0	icon_guaiwu_7	10							
2000065	林游峰	203002	2	2	0	38	25	33482.68	500	500	9000	5	0	100	0	0	0	10	5	103	500000	0	1	1	0	1	1	0	icon_guaiwu_8	0							
2000066	林子桦	203308	2	2	0	38	26	33482.68	500	500	9000	5	0	100	0	0	0	10	5	103	500000	0	1	1	0	1	1	0	icon_guaiwu_3	0							
2000067	清尘大师	203315	2	2	0	38	28	33482.68	500	500	9000	5	0	100	0	0	0	10	5	103	500000	0	1	1	0	1	1	0	icon_guaiwu_17	0							
2000068	极轩道长	203201	2	2	0	38	28	33482.68	500	500	9000	5	0	100	0	0	0	10	5	103	500000	0	1	1	0	1	1	0	icon_guaiwu_28	0							
2000069	慕容靖	203314	2	2	0	38	28	33482.68	500	500	9000	5	0	100	0	0	0	10	5	103	500000	0	1	1	0	1	1	0	icon_guaiwu_24	0							
2000070	范风杰	202116	2	2	0	38	28	33482.68	500	500	9000	5	0	100	0	0	0	10	5	103	500000	0	1	1	0	1	1	0	icon_guaiwu_28	0							
2000071	神秘人	203101	2	1	0	38	9	33482.68	500	500	9000	5	0	0	0	0	0	10	5	103	500000	0	1	1	0	1	1	0	icon_guaiwu_29	0							
2000072	神秘人	203102	2	2	0	38	21	33482.68	500	500	9000	5	0	50	0	0	0	10	5	201	501002;502002	0	2	1	0	1	1	0	icon_guaiwu_29	0							
2000073	萧乔	202106	1	1	0	38	28	33482.68	500	500	9000	5	0	100	0	0	0	10	5	306	510001;520001;520004;	0	1	1	0	1	1	0	icon_touxiang3	0							
2000074	段青阳	203309	1	1	0	38	28	33482.68	500	500	9000	5	0	100	0	0	0	10	5	103	500000	0	1	1	0	1	1	0	icon_guaiwu_6	0							
2000075	清尘大师	203315	1	1	0	38	28	33482.68	500	500	9000	5	0	100	0	0	0	10	5	103	500000	0	1	1	0	1	1	0	icon_guaiwu_17	0							
2000076	极轩道长	203201	1	1	0	38	28	33482.68	500	500	9000	5	0	100	0	0	0	10	5	103	500000	0	1	1	0	1	1	0	icon_guaiwu_28	0							
2000093	神秘人	203102	2	2	0	48	21	76977.0248	500	500	9000	5	0	50	0	0	0	10	5	201	501002;502002	0	2	1	0	1	1	0	icon_guaiwu_29	0							
2000094	鸠摩	203315	2	3	0	40	28	39441.48	500	500	9000	5	0	100	0	0	0	10	5	103	500000	0	1	1	0	1	1	0	icon_guaiwu_17	10							
2000095	萧律	202106	2	3	0	42	24	40991.44	500	500	9000	5	0	100	0	0	0	10	5	306	510001;520001;520004;	0	1	1	0	1	1	0	icon_touxiang3	10							
2000096	百事通	202116	2	3	0	44	24	42572.44	500	500	9000	5	0	100	0	0	0	10	5	305	510001;520001;520004;	0	2	1	0	1	1	0	icon_guaiwu_28	8						1	5
2000097	江湖壮汉	202110	2	3	0	46	28	75063.512	500	500	9000	5	0	50	0	0	0	10	5	306	510001;520001;520004;520007	0	1	1	0	1	1	0	icon_guaiwu_19	10							
2000098	开封守卫	203104	2	1	0	48	9	76977.0248	500	500	9000	5	0	0	0	0	0	10	5	103	500000	0	1	1	0	1	1	0	icon_guaiwu_5	0						1	5
2000099	开封守将	203103	2	2	0	48	23	76977.0248	500	500	9000	5	0	50	0	0	0	10	5	103	500000	0	2	1	0	1	1	0	icon_guaiwu_5	0	天天巡逻快乐多！！跑跑跳跳很健康					1	5
2000100	地痞	203001	2	1	0	50	10	108552.0792	500	500	9000	5	0	0	0	0	0	10	5	103	500000	0	1	1	0	1	1	0	icon_guaiwu_8	0						1	5
2000101	地痞首领	203313	2	2	0	50	24	108552.0792	500	500	9000	5	0	30	0	0	0	10	5	202	510001;520001	0	2	1	0	1	1	0	icon_guaiwu_8	0						1	5
2000102	野猴	203608	2	1	0	52	9	114264.948	500	500	9000	5	0	0	0	0	0	10	5	103	500001	0	1	1	0	1	1	0	icon_guaiwu_30	0						1	5
2000103	野狼	203607	2	1	0	52	10	114264.948	500	500	9000	5	0	0	0	0	0	10	5	103	500001	0	1	1	0	1	1	0	icon_guaiwu_30	0						1	5
2000104	野猴头领	203617	2	3	0	52	23	114264.948	500	500	9000	5	0	50	0	0	0	10	5	201	510001;520001	0	2	1	0	1	1	0	icon_guaiwu_30	5		吼~吼吼				1	5
2000105	神秘人	203101	2	1	0	54	12	121208.7112	500	500	9000	5	0	0	0	0	0	10	5	103	500000	0	1	1	0	1	1	0	icon_guaiwu_29	0							
2000106	神秘人	203102	2	2	0	54	22	121208.7112	500	500	9000	5	0	50	0	0	0	10	5	201	501002;502002	0	2	1	0	1	1	0	icon_guaiwu_29	0							
2000107	神秘人	203101	2	1	0	56	10	135126.9888	500	500	9000	5	0	0	0	0	0	10	5	103	500000	0	1	1	0	1	1	0	icon_guaiwu_29	0							
2000108	神秘人	203102	2	2	0	56	23	135126.9888	500	500	9000	5	0	50	0	0	0	10	5	201	501002;502002	0	2	1	0	1	1	0	icon_guaiwu_29	0							
2000109	铁面侠	201000	2	3	0	48	28	76977.0248	500	500	9000	5	0	100	0	0	0	10	5	303	510001;520001;520004;520007	0	3	1	0	1	1	0	icon_boss	10							
2000110	地痞	203001	2	1	0	60	9	167245.3744	500	500	9000	5	0	0	0	0	0	10	5	103	500000	0	1	1	0	1	1	0	icon_guaiwu_8	0						1	5
2000111	地痞首领	203313	2	2	0	60	27	167245.3744	500	500	9000	5	0	30	0	0	0	10	5	202	510001;520001	0	2	1	0	1	1	0	icon_guaiwu_8	0						1	5
2000112	铁面侠	201000	1	2	0	60	28	167245.3744	500	500	9000	5	0	100	0	0	0	10	5	303	510001;520001;520004;520007	0	3	1	0	1	1	0	icon_boss	10							
2000113	神秘人	203101	2	1	0	62	7	170243.8752	500	500	9000	5	0	0	0	0	0	10	5	103	500000	0	1	1	0	1	1	0	icon_guaiwu_29	0							
2000114	神秘人	203102	2	2	0	62	27	170243.8752	500	500	9000	5	0	50	0	0	0	10	5	201	501002;502002	0	2	1	0	1	1	0	icon_guaiwu_29	0							
2000115	铁面侠	201000	1	2	0	62	28	170243.8752	500	500	9000	5	0	100	0	0	0	10	5	303	510001;520001;520004;520007	0	3	1	0	1	1	0	icon_boss	10							
2000116	神秘人	203101	2	1	0	64	7	179060.3008	500	500	9000	5	0	0	0	0	0	10	5	103	500000	0	1	1	0	1	1	0	icon_guaiwu_29	0							
2000117	神秘人	203102	2	2	0	64	27	179060.3008	500	500	9000	5	0	50	0	0	0	10	5	201	501002;502002	0	2	1	0	1	1	0	icon_guaiwu_29	0							
2000118	开封守卫	203104	1	1	0	64	13	179060.3008	500	500	9000	5	0	0	0	0	0	10	5	4001	500000	0	1	1	0	1	1	0	icon_guaiwu_5	0						1	5
2000119	西夏士兵	203108	2	1	0	66	11	191844.32	500	500	9000	5	0	0	0	0	0	10	5	103	500000	0	1	1	0	1	1	0	icon_guaiwu_16	0							
2000120	西夏将军	203627	2	2	0	66	27	191844.32	500	500	9000	5	0	50	0	0	0	10	5	103	500000	0	2	1	0	1	1	0	icon_guaiwu_16	0							
2000121	开封守卫	203104	1	1	0	66	13	191844.32	500	500	9000	5	0	0	0	0	0	10	5	103	500000	0	1	1	0	1	1	0	icon_guaiwu_5	0							
2000122	蒙面人	203101	2	1	0	68	13	196362.568	500	500	9000	5	0	0	0	0	0	10	5	103	500000	0	1	1	0	1	1	0	icon_guaiwu_29	0		纳命来！				1	5
2000123	蒙面人	203100	2	2	0	68	27	196362.568	500	500	9000	5	0	50	0	0	0	10	5	103	500000	0	2	1	0	1	1	0	icon_guaiwu_29	0		来打我呀！				1	5
2000124	段万里	203311	1	2	0	68	28	196362.568	500	500	9000	5	0	100	0	0	0	10	5	202	510001;520001	0	1	1	0	1	1	0	icon_guaiwu_6	10							
2000125	慧觉大师	203315	2	3	0	70	28	270864.3648	500	500	9000	5	0	100	0	0	0	10	5	103	500000	0	1	1	0	1	1	0	icon_guaiwu_17	10							
2000126	神秘人	203101	2	1	0	72	13	275370.4704	500	500	9000	5	0	0	0	0	0	10	5	103	500000	0	1	1	0	1	1	0	icon_guaiwu_29	0							
2000127	神秘人	203102	2	2	0	72	27	275370.4704	500	500	9000	5	0	50	0	0	0	10	5	201	501002;502002	0	2	1	0	1	1	0	icon_guaiwu_29	0							
2000128	毛小劈	203306	1	1	0	72	21	275370.4704	500	500	9000	5	0	0	0	0	0	10	5	103	500000	0	1	1	0	1	1	0	icon_guaiwu_7	0							
2000129	山贼	203001	2	1	0	74	13	289225.9904	500	500	9000	5	0	0	0	0	0	10	5	103	500000	0	1	1	0	1	1	0	icon_guaiwu_8	0						1	5
2000130	山贼首领	203313	2	2	0	74	27	289225.9904	500	500	9000	5	0	30	0	0	0	10	5	202	510001;520001	0	2	1	0	1	1	0	icon_guaiwu_8	0						1	5
2000131	铁蜻蜓	900004	1	3	0	74	28	289225.9904	500	500	9000	5	0	100	0	0	0	10	5	306	510001;520001;520004;520007	0	1	1	0	1	1	0	icon_skill_meiren_1	10							
2000132	幻影	203501	2	1	0	76	16	314889.7472	500	500	9000	5	0	0	0	0	0	10	5	103	500000	0	1	1	0	1	1	0	icon_guaiwu_23	0						1	5
2000133	作乱士兵	203108	2	1	0	78	13	351777.5624	500	500	9000	5	0	0	0	0	0	10	5	103	500000	0	1	1	0	1	1	0	icon_guaiwu_16	0							
2000134	作乱将军	203627	2	2	0	78	20	351777.5624	500	500	9000	5	0	50	0	0	0	10	5	103	500000	0	2	1	0	1	1	0	icon_guaiwu_16	0							
2000135	铁蜻蜓	900004	1	3	0	78	28	351777.5624	500	500	9000	5	0	100	0	0	0	10	5	306	510001;520001;520004;520007	0	1	1	0	1	1	0	icon_skill_meiren_1	10							
3000000	海岛护卫	203003	2	1	0	10	2	2630	500	500	9000	5	0	0	0	0	0	10	5	103	500000	0	1	1	0	1	1	0	icon_guaiwu_8	0						1	5
3000001	海岛护将	203004	2	2	0	10	9	2630	500	500	9000	5	0	50	0	0	0	10	5	103	500000	0	2	1	0	1	1	0	icon_guaiwu_8	0		好大胆竟敢硬闯桃花岛！！				1	5
3000002	海岛统领	202110	2	3	0	10	28	2630	500	500	9000	5	0	100	0	0	0	5	5	306	510001;520001;520004;520007	0	3	1	0	1	1	0	icon_guaiwu_19	10		铁臂神拳横行天下！				1	5
30000001	海岛护卫	203003	2	1	0	10	2	2630	500	500	9000	5	0	0	0	0	0	10	5	4001	500000	0	1	1	0	1	1	0	icon_guaiwu_8	0						1	5
30000002	海岛护将	203004	2	2	0	10	9	2630	500	500	9000	5	0	50	0	0	0	10	5	4001	500000	0	2	1	0	1	1	0	icon_guaiwu_8	0	天天巡逻快乐多！！跑跑跳跳很健康					1	5
3000003	海岛护卫	203003	2	1	0	15	2	6918	500	500	9000	5	0	0	0	0	0	10	5	103	500000	0	1	1	0	1	1	0	icon_guaiwu_8	0						1	5
3000004	海岛护将	203004	2	2	0	15	9	6918	500	500	9000	5	0	50	0	0	0	10	5	103	500000	0	2	1	0	1	1	0	icon_guaiwu_8	0						1	5
3000005	护卫大统领	203304	2	3	0	15	23	6918	500	500	9000	5	0	100	0	0	0	5	5	201	501001;502001	0	3	1	0	1	1	0	icon_guaiwu_19	10		有人！				1	5
30000031	白衣女子	900000	1	2	0	15	23	6918	500	500	9000	5	0	50	0	0	0	10	5	306	510001;520001;520004;520007	0	2	1	0	1	1	0	icon_skill_meiren_1	0		恶贼，纳命来！！					
3000006	机关兽	203600	2	1	0	18	2	7776	500	500	9000	5	0	0	0	0	0	10	5	103	500000	0	1	1	0	1	1	0	icon_guaiwu_30	0		来打我呀！				1	5
3000007	野蜂	203613	2	1	0	18	2	7776	500	500	9000	5	0	0	0	0	0	10	5	103	500000	0	1	1	0	1	1	0	icon_guaiwu_30	0		去死吧！				1	5
3000008	野蜂王	203618	2	2	0	18	21	7776	500	500	9000	5	0	100000	0	0	0	10	5	103	500000	0	2	1	0	1	1	0	icon_guaiwu_30	0		皇恩浩荡				1	5
3000009	逍遥村长	203201	2	3	0	18	21	7776	500	500	9000	5	0	100	0	0	0	5	5	201	501001;502001	0	3	1	0	1	1	0	icon_guaiwu_28	10		纳尼？杀				1	5
30000061	机关弩	210004	2	1	0	18	23	7776	500	500	9000	5	0	0	0	0	0	10	5	3000	700006	0	1	1	1	1	0	0	icon_guaiwu_23	0							
30000062	机关兽	203619	2	1	0	18	23	7776	500	500	9000	5	0	0	0	0	0	10	5	103	500000	0	1	1	0	1	1	0	icon_guaiwu_30	0		来打我呀！				1	5
3000010	海岛护卫	203003	2	1	0	20	13	8366	500	500	9000	5	0	0	0	0	0	10	5	103	500000	0	1	1	0	1	1	0	icon_guaiwu_8	0		纳命来！				1	5
3000011	海岛护将	203004	2	2	0	20	20	8366	500	500	9000	5	0	50	0	0	0	10	5	103	500000	0	2	1	0	1	1	0	icon_guaiwu_8	0		有人！				1	5
3000012	利爪燕三	203400	2	3	0	20	23	8366	500	500	9000	5	0	100	0	0	0	5	5	304	501001;502001;502004	0	3	1	0	1	1	0	icon_guaiwu_8	10		纳尼？杀				1	5
30000101	地刺机关	210002	2	1	0	20	23	8366	500	500	9000	5	0	0	0	0	0	10	5	3000	700003	0	1	1	1	1	0	0	icon_guaiwu_23	0							
3000013	海岛野猴	203610	2	1	0	22	101	8968	500	500	9000	5	0	0	0	0	0	10	5	103	500000	0	1	1	0	1	1	0	icon_guaiwu_30	0		纳命来！				1	5
3000014	海岛饿狼	203607	2	1	0	22	101	8968	500	500	9000	5	0	0	0	0	0	10	5	103	500000	0	1	1	0	1	1	0	icon_guaiwu_30	0		纳命来！				1	5
30000131	机关弩（敌）	210004	2	1	0	22	23	8968	500	500	9000	5	0	0	0	0	0	10	5	3000	700006	0	1	1	1	1	0	0	icon_guaiwu_23	0							
30000132	机关弩（右）	210004	1	1	0	22	16	8968	500	500	9000	5	0	0	0	0	0	10	5	3000	700006	0	1	1	1	1	0	0	icon_guaiwu_23	0							
30000133	机关兽	203600	2	1	0	22	14	8968	500	500	9000	5	0	0	0	0	0	10	5	103	500000	0	1	1	0	1	1	0	icon_guaiwu_30	0		来打我呀！				1	5
30000134	机关兽	203619	2	1	0	22	14	8968	500	500	9000	5	0	0	0	0	0	10	5	103	500000	0	1	1	0	1	1	0	icon_guaiwu_30	0		来打我呀！				1	5
30000135	海岛护卫	203003	1	1	0	22	14	8968	500	500	9000	5	0	0	0	0	0	10	5	103	500000	0	1	1	0	1	1	0	icon_guaiwu_8	0		纳命来！				1	5
30000136	海岛护将	203004	1	2	0	22	21	8968	500	500	9000	5	0	50	0	0	0	10	5	103	500000	0	2	1	0	1	1	0	icon_guaiwu_8	0		有人！				1	5
30000137	海岛野猴王	203617	2	2	0	22	105	8968	500	500	9000	5	0	50	0	0	0	10	5	201	501001;502001	0	2	1	0	1	1	0	icon_guaiwu_30	0		有人！				1	5
30000138	海岛饿狼王	203620	2	2	0	22	105	8968	500	500	9000	5	0	50	0	0	0	10	5	103	500000	0	2	1	0	1	1	0	icon_guaiwu_30	0		有人！				1	5
3000015	海岛野猴	203610	2	1	0	24	8	9664	500	500	9000	5	0	0	0	0	0	10	3	103	500000	0	1	1	0	1	1	0	icon_guaiwu_30	0		纳命来！				1	5
3000016	暴躁野猴王	203608	2	2	0	24	16	9664	500	500	9000	5	0	0	0	0	0	10	3	201	501001;502001	0	2	1	0	1	1	0	icon_guaiwu_30	0		来打我呀！				1	5
3000017	残暴牛头怪	201001	2	3	0	25	25	9976	500	500	9000	5	0	100	0	0	0	5	3	304	501001;502001;502004	0	3	1	0	1	1	0	icon_guaiwu_9	10		去死吧！				1	5
3000018	海岛护卫	203003	2	1	0	25	8	9976	500	500	9000	5	0	0	0	0	0	10	3	103	500000	0	1	1	0	1	1	0	icon_guaiwu_8	0						1	5
3000019	海岛护卫	203003	2	1	0	26	8	10292	500	500	9000	5	0	0	0	0	0	10	3	103	500000	0	1	1	0	1	1	0	icon_guaiwu_8	0		有人！				1	5
3000020	海岛护将	203004	2	2	0	26	16	10292	500	500	9000	5	0	50	0	0	0	10	3	103	500000	0	2	1	0	1	1	0	icon_guaiwu_8	0		纳尼？杀				1	5
3000021	铁臂阿二	203401	2	3	0	26	28	10292	500	500	9000	5	0	100	0	0	0	5	3	201	501001;502001	0	3	1	0	1	1	0	icon_guaiwu_2	10		纳命来！				1	5
3000022	机关傀儡	203600	2	1	0	28	5	16868	500	500	9000	5	0	0	0	0	0	10	3	104	500000	0	1	1	0	1	1	0	icon_guaiwu_30	0		有人！				1	5
3000023	海岛护卫	203003	2	1	0	28	2	16868	500	500	9000	5	0	0	0	0	0	10	3	103	500000	0	1	1	0	1	1	0	icon_guaiwu_8	0		来打我呀！				1	5
3000024	海岛护将	203004	2	2	0	28	16	16868	500	500	9000	5	0	50	0	0	0	10	3	103	500000	0	2	1	0	1	1	0	icon_guaiwu_8	0		去死吧！				1	5
3000025	斗笠燕大	203400	2	3	0	28	23	16868	500	500	9000	5	0	100	0	0	0	5	3	304	501001;502001;502004	0	3	1	0	1	1	0	icon_guaiwu_8	10						1	5
3000026	海岛护卫	203003	2	1	0	30	2	22986	500	500	9000	5	0	0	0	0	0	10	3	103	500000	0	1	1	0	1	1	0	icon_guaiwu_8	0		纳尼？杀				1	5
3000027	海岛护将	203004	2	2	0	30	20	22986	500	500	9000	5	0	50	0	0	0	10	3	103	500000	0	2	1	0	1	1	0	icon_guaiwu_8	0		纳命来！				1	5
3000028	梅玄风	201002	2	3	0	30	23	22986	500	500	9000	5	0	100	0	0	0	5	3	306	510001;520001;520004	0	3	1	0	1	1	0	icon_guaiwu_27	10		去死吧！凡人				1	5
30000281	火焰陷阱	210000	2	1	0	30	23	22986	500	500	9000	5	0	100	0	0	0	5	3	3001	700000;700001	0	3	1	1	1	0	0	icon_guaiwu_23	0		烈焰灼烧！煌煌无极！				1	5
3000029	长老	202102	1	1	0	22	23	8968	500	500	9000	5	0	0	0	0	0	10	5	103	500000	0	1	1	0	1	1	0	icon_touxiang3	0		大侠救我！				1	5
3000030	肖英雄	202106	1	1	0	22	28	8968	500	500	9000	5	0	0	0	0	0	10	5	306	510001;520001;520004;	0	1	1	0	1	1	0	icon_touxiang3	0							
3000031	段英雄	203309	1	1	0	24	28	9664	500	500	9000	5	0	0	0	0	0	10	5	103	500000	0	1	1	0	1	1	0	icon_guaiwu_6	0							
3000032	野蜂	203612	2	1	0	32	9	23877	500	500	9000	5	0	0	0	0	0	10	5	103	500000	0	1	1	0	1	1	0	icon_guaiwu_30	0		纳命来！				1	5
3000033	野猪	203606	2	2	0	32	14	23877	500	500	9000	5	0	50	0	0	0	10	5	103	500000	0	2	1	0	1	1	0	icon_guaiwu_30	0		有人！				1	5
3000034	野猪首领	203621	2	3	0	32	23	23877	500	500	9000	5	0	100	0	0	0	5	5	103	500000	0	3	1	0	1	1	0	icon_guaiwu_30	10		纳尼？杀				1	5
30000321	石俑	203406	2	1	0	32	14	23877	500	500	9000	5	0	100000	0	0	0	10	5	103	500000	0	1	1	0	1	1	0	icon_guaiwu_21	0		纳命来！				1	5
3000042	地刺机关	210002	2	1	0	32	23	23877	500	500	9000	5	0	0	0	0	0	10	5	3000	700000	0	1	1	1	1	0	0	icon_guaiwu_23	0							
3000035	野蜂	203613	2	1	0	34	8	27950	500	500	9000	5	0	0	0	0	0	10	5	103	500000	0	1	1	0	1	1	0	icon_guaiwu_30	0		纳命来！				1	5
3000036	机关兽	203600	2	2	0	34	21	27950	500	500	9000	5	0	50	0	0	0	10	5	103	500000	0	2	1	0	1	1	0	icon_guaiwu_30	0		来打我呀！				1	5
3000037	荒郊饿虎	203622	2	3	0	34	25	27950	500	500	9000	5	0	100	0	0	0	5	5	103	500000	0	3	1	0	1	1	0	icon_guaiwu_30	10		去死吧！				1	5
3000045	饿虎分身	203601	2	2	0	34	20	27950	500	500	9000	5	0	50	0	0	0	5	5	103	500000	0	3	1	0	1	1	0	icon_guaiwu_30	10							
30000351	蒙面人	203101	2	1	0	34	9	27950	500	500	9000	5	0	0	0	0	0	10	5	103	500000	0	1	1	0	1	1	0	icon_guaiwu_29	0		纳命来！				1	5
30000352	蒙面人	203100	2	2	0	34	20	27950	500	500	9000	5	0	50	0	0	0	10	5	103	500000	0	2	1	0	1	1	0	icon_guaiwu_29	0		来打我呀！				1	5
30000353	石俑	203406	2	1	0	34	14	27950	500	500	9000	5	0	100000	0	0	0	10	5	103	500000	0	1	1	0	1	1	0	icon_guaiwu_21	0		纳命来！				1	5
3000038	野蜂	203614	2	1	0	36	7	32112	500	500	9000	5	0	0	0	0	0	10	5	103	500000	0	1	1	0	1	1	0	icon_guaiwu_30	0		皇恩浩荡				1	5
3000039	野蜂首领	203612	2	2	0	36	105	32112	500	500	9000	5	0	100000	0	0	0	10	5	103	500000	0	1	1	0	1	1	0	icon_guaiwu_30	0		有人！				1	5
3000040	鼎奴	203402	2	3	0	36	23	32112	500	500	9000	5	0	50	0	0	0	10	5	103	500000	0	2	1	0	1	1	0	icon_guaiwu_21	10		纳尼？杀				1	5
3000041	四足怪兽	203602	2	3	0	36	25	32112	500	500	9000	5	0	100	0	0	0	5	5	103	500000	0	3	1	0	1	1	0	icon_guaiwu_30	10		纳命来！				1	5
30000381	石俑	203406	2	1	0	36	15	32112	500	500	9000	5	0	0	0	0	0	10	5	103	500000	0	1	1	0	1	1	0	icon_guaiwu_21	0		纳命来！				1	5
3000043	铁索桥护卫	203600	2	2	0	32	16	23877	500	500	9000	5	0	0	0	0	0	10	5	103	500000	0	1	1	0	1	0	0	icon_guaiwu_30	0		打过我，才能打开地宫的门				1	5
3000044	狼	203607	2	1	0	32	14	23877	500	500	9000	5	0	0	0	0	0	10	5	103	500000	0	1	1	0	1	1	0	icon_guaiwu_30	0		纳命来！				1	5
3000046	黄姑娘	202005	1	1	0	32	23	23877	500	500	9000	5	0	0	0	0	0	10	5	103	500000	0	1	1	0	1	1	0	icon_touxiang2	0		纳尼？杀				1	5
3000047	野蜂	203612	2	1	0	37	14	32890	500	500	9000	5	0	0	0	0	0	10	5	103	500000	0	1	1	0	1	1	0	icon_guaiwu_30	0		纳命来！				1	5
3000048	野猪	203603	2	2	0	37	15	32890	500	500	9000	5	0	50	0	0	0	10	5	103	500000	0	2	1	0	1	1	0	icon_guaiwu_30	0		有人！				1	5
3000049	石俑将	203624	2	3	0	37	23	32890	500	500	9000	5	0	100	0	0	0	5	5	201	501001;502001	0	3	1	0	1	1	0	icon_guaiwu_21	10		纳尼？杀				1	5
30000471	火焰陷阱	210000	2	1	0	37	23	32890	500	500	9000	5	0	100	0	0	0	5	3	3001	700000;700001	0	3	1	1	1	0	0	icon_guaiwu_23	0		烈焰灼烧！煌煌无极！				1	5
30000472	地刺机关	210005	2	1	0	37	23	32890	500	500	9000	5	0	0	0	0	0	10	5	3000	700000	0	1	1	1	1	0	0	icon_guaiwu_23	0							
30000473	机关石俑	203623	2	2	0	37	21	32890	500	500	9000	5	0	100000	0	0	0	10	5	103	500000	0	1	1	0	1	1	0	icon_guaiwu_21	0		纳命来！				1	5
30000474	石俑	203406	2	2	0	37	9	32890	500	500	9000	5	0	100000	0	0	0	10	5	103	500000	0	1	1	0	1	1	0	icon_guaiwu_21	0		纳命来！				1	5
3000194	地宫之皇	201003	2	3	0	37	23	32890	500	500	9000	5	0	100	0	0	0	5	5	304	501001;502001;502004	0	3	1	1	1	1	0	icon_guaiwu_12	10		你命太贱，凡人！				1	5
3000050	狼	203607	2	1	0	38	9	33483	500	500	9000	5	0	0	0	0	0	10	5	103	500000	0	1	1	0	1	1	0	icon_guaiwu_30	0		纳命来！				1	5
3000051	石俑	203406	2	1	0	38	14	33483	500	500	9000	5	0	0	0	0	0	10	5	103	500000	0	1	1	0	1	1	0	icon_guaiwu_21	0		有人！				1	5
3000052	地宫之后	203501	2	3	0	38	23	33483	500	500	9000	5	0	100	0	0	0	5	5	103	500000	0	3	1	0	1	1	0	icon_guaiwu_23	10		纳尼？杀				1	5
30000501	野蜂	203614	2	1	0	38	9	33483	500	500	9000	5	0	0	0	0	0	10	5	103	500000	0	1	1	0	1	1	0	icon_guaiwu_30	0		皇恩浩荡				1	5
30000502	野蜂王	203618	2	2	0	38	105	33483	500	500	9000	5	0	100000	0	0	0	10	5	103	500000	0	1	1	0	1	1	0	icon_guaiwu_30	0		皇恩浩荡				1	5
30000503	地宫侍女	203501	2	1	0	38	9	33483	500	500	9000	5	0	0	0	0	0	10	5	103	500000	0	1	1	0	1	1	0	icon_guaiwu_23	0		皇恩浩荡				1	5
3000053	石俑护卫	203405	2	1	0	39	16	34273	500	500	9000	5	0	100000	0	0	0	10	5	103	500000	0	1	1	0	1	1	0	icon_guaiwu_21	0		纳命来！				1	5
3000054	野猪	203605	2	1	0	39	2	34273	500	500	9000	5	0	0	0	0	0	10	5	103	500000	0	1	1	0	1	1	0	icon_guaiwu_30	0		有人！				1	5
3000055	锤子	203404	2	2	0	39	16	34273	500	500	9000	5	0	50	0	0	0	10	5	103	500000	0	2	1	0	1	1	0	icon_guaiwu_18	0		纳尼？杀				1	5
3000056	石俑将军	203624	2	3	0	39	22	34273	500	500	9000	5	0	100	0	0	0	5	5	201	501001;502001	0	3	1	0	1	1	0	icon_guaiwu_21	10		纳命来！				1	5
3000057	石俑	203406	2	1	0	40	8	39441	500	500	9000	5	0	0	0	0	0	10	5	103	500000	0	1	1	0	1	1	0	icon_guaiwu_21	0		纳命来！				1	5
3000058	石俑护卫	203405	2	2	0	40	21	39441	500	500	9000	5	0	100000	0	0	0	10	5	103	500000	0	2	1	0	1	1	0	icon_guaiwu_21	0		来追我呀！				1	1
3000059	协助友方	203004	1	1	0	40	23	39441	500	500	9000	5	0	0	0	0	0	10	5	103	500000	0	1	1	0	1	1	0	icon_guaiwu_8	0							
3000060	斧奴	203403	2	3	0	40	22	39441	500	500	9000	5	0	100	0	0	0	5	5	201	501001;502001	0	3	1	0	1	1	0	icon_guaiwu_21	10		纳命来！				1	5
30000571	火焰陷阱	210000	2	1	0	40	23	39441	500	500	9000	5	0	100	0	0	0	5	3	3001	700000;700001	0	3	1	1	1	0	0	icon_guaiwu_23	0		烈焰灼烧！煌煌无极！				1	5
30000572	野蜂	203614	2	1	0	40	7	39441	500	500	9000	5	0	0	0	0	0	10	5	103	500000	0	1	1	0	1	1	0	icon_guaiwu_30	0		皇恩浩荡				1	5
30000573	野蜂王	203618	2	2	0	40	105	39441	500	500	9000	5	0	100000	0	0	0	10	5	103	500000	0	1	1	0	1	1	0	icon_guaiwu_30	0		皇恩浩荡				1	5
3000061	石俑	203406	2	1	0	41	9	40049	500	500	9000	5	0	0	0	0	0	10	5	103	500000	0	1	1	0	1	1	0	icon_guaiwu_21	0		有人！				1	5
3000062	药奴王	203404	2	2	0	41	22	40049	500	500	9000	5	0	50	0	0	0	10	5	103	500000	0	2	1	0	1	1	0	icon_guaiwu_18	0		纳尼？杀				1	5
3000063	药奴	203404	2	2	0	41	9	40049	500	500	9000	5	0	0	0	0	0	10	5	103	500000	0	2	1	0	1	1	0	icon_guaiwu_18	0		纳命来！				1	5
3000064	蒙面人	203301	1	2	0	41	15	40049	500	500	9000	5	0	50	0	0	0	10	5	103	500000	0	2	1	0	1	1	0	icon_guaiwu_7	0		纳命来！				1	5
3000065	蒙面人	203306	1	1	0	41	23	40049	500	500	9000	5	0	0	0	0	0	10	5	103	500000	0	1	1	0	1	1	0	icon_guaiwu_7	0							
3000066	药奴	203404	2	3	0	41	28	40049	500	500	9000	5	0	100	0	0	0	5	5	201	501001;502001	0	3	1	0	1	1	0	icon_guaiwu_18	10							
3000067	石俑	203406	2	1	0	42	14	40991	500	500	9000	5	0	0	0	0	0	10	5	103	500000	0	1	1	0	1	1	0	icon_guaiwu_21	0		来打我呀！				1	5
3000068	石俑护卫	203405	2	1	0	42	105	40991	500	500	9000	5	0	100000	0	0	0	10	5	103	500000	0	1	1	0	1	1	0	icon_guaiwu_21	0		去死吧！				1	5
3000069	石俑巨卫	203623	2	2	0	42	16	40991	500	500	9000	5	0	100000	0	0	0	10	5	103	500000	0	2	1	0	1	1	0	icon_guaiwu_21	0		皇恩浩荡				1	5
3000070	协助友方	203004	1	1	0	42	23	40991	500	500	9000	5	0	0	0	0	0	10	5	103	500000	0	1	1	0	1	1	0	icon_guaiwu_8	0							
3000071	石俑统帅	203624	2	3	0	42	23	40991	500	500	9000	5	0	100000	0	0	0	5	5	201	501001;502001	0	3	1	0	1	1	0	icon_guaiwu_21	10		来打我呀！				1	5
3000072	野猪	203606	2	1	0	42	9	40991	500	500	9000	5	0	0	0	0	0	10	5	103	500000	0	1	1	0	1	1	0	icon_guaiwu_30	0		去死吧！				1	5
30000671	地刺机关	210002	2	1	0	42	23	40991	500	500	9000	5	0	0	0	0	0	10	5	3000	700000	0	1	1	1	1	0	0	icon_guaiwu_23	0							
3000073	地宫侍女	203501	2	1	0	43	9	41957	500	500	9000	5	0	0	0	0	0	10	5	103	500000	0	1	1	0	1	1	0	icon_guaiwu_23	0		皇恩浩荡				1	5
3000074	护将	203004	2	2	0	43	9	41957	500	500	9000	5	0	50	0	0	0	10	5	103	500000	0	2	1	0	1	1	0	icon_guaiwu_8	0							
3000075	协助友方	203004	1	1	0	43	23	41957	500	500	9000	5	0	0	0	0	0	10	5	103	500000	0	1	1	0	1	1	0	icon_guaiwu_8	0							
3000076	地宫之皇	201003	2	3	0	43	23	41957	500	500	9000	5	0	100	0	0	0	5	5	304	501001;502001;502004	0	3	1	0	1	1	0	icon_guaiwu_12	10							
3000077	石俑	203406	2	1	0	44	8	42572	500	500	9000	5	0	100000	0	0	0	10	5	103	500000	0	1	1	0	1	1	0	icon_guaiwu_21	0							
3000078	石俑将军	203405	2	2	0	44	15	42572	500	500	9000	5	0	100000	0	0	0	10	5	103	500000	0	2	1	0	1	1	0	icon_guaiwu_21	0							
3000079	蒙面刺客	203306	2	2	0	44	9	42572	500	500	9000	5	0	0	0	0	0	10	5	103	500000	0	2	1	0	1	1	0	icon_guaiwu_7	0							
3000080	蒙面刺客精英	203301	2	2	0	44	16	42572	500	500	9000	5	0	50	0	0	0	10	5	103	500000	0	2	1	0	1	1	0	icon_guaiwu_7	0							
3000081	协助友方	203004	1	1	0	44	23	42572	500	500	9000	5	0	0	0	0	0	10	5	103	500000	0	1	1	0	1	1	0	icon_guaiwu_8	0							
3000082	铁面侠	201000	2	3	0	44	28	42572	500	500	9000	5	0	100	0	0	0	5	5	303	510001;520001;520004;520007	0	3	1	0	1	1	0	icon_boss	10							
30000821	幻象	201000	2	2	0	44	21	42572	500	500	9000	5	0	100	0	0	0	5	5	303	510001;520001;520004;520007	0	3	1	0	1	1	0	icon_boss	10							
3000083	野猪	203604	2	1	0	45	5	56966	500	500	9000	5	0	0	0	0	0	10	5	103	500000	0	1	1	0	1	1	0	icon_guaiwu_30	0							
3000084	野猪	203605	2	1	0	45	15	56966	500	500	9000	5	0	0	0	0	0	10	5	103	500000	0	1	1	0	1	1	0	icon_guaiwu_30	0							
3000085	蒙面刺客精英	203301	2	2	0	45	15	56966	500	500	9000	5	0	50	0	0	0	10	5	103	500000	0	2	1	0	1	1	0	icon_guaiwu_7	0							
3000086	村民	203308	1	1	0	45	23	56966	500	500	9000	5	0	0	0	0	0	10	5	103	500000	0	1	1	0	1	1	0	icon_guaiwu_3	0							
3000087	凶残饿虎	203601	2	3	0	45	23	56966	500	500	9000	5	0	100	0	0	0	5	5	103	500000	0	3	1	0	1	1	0	icon_guaiwu_30	10							
3000088	西夏守军	203108	3	1	0	46	2	75064	500	500	9000	5	0	0	0	0	0	10	5	103	500000	0	1	1	0	1	1	0	icon_guaiwu_16	0							
3000089	西夏守军	203106	3	2	0	46	9	75064	500	500	9000	5	0	50	0	0	0	10	5	103	500000	0	1	1	0	1	1	0	icon_guaiwu_16	0							
3000090	神秘人	203100	2	1	0	46	2	75064	500	500	9000	5	0	0	0	0	0	10	5	103	500000	0	2	1	0	1	1	0	icon_guaiwu_29	0							
3000091	神秘人	203101	2	2	0	46	9	75064	500	500	9000	5	0	50	0	0	0	10	5	103	500000	0	1	1	0	1	1	0	icon_guaiwu_29	0							
3000092	神秘人	203102	2	3	0	46	22	75064	500	500	9000	5	0	100	0	0	0	10	5	201	501002;502002	0	1	1	0	1	1	0	icon_guaiwu_29	10							
3000093	西夏守将	203627	3	3	0	46	23	75064	500	500	9000	5	0	100	0	0	0	5	5	304	501001;502001;502004	0	3	1	0	1	1	0	icon_guaiwu_16	10							
3000094	野蜂	203614	2	1	0	47	2	75831	500	500	9000	5	0	0	0	0	0	10	5	103	500000	0	1	1	0	1	1	0	icon_guaiwu_30	0							
3000095	野蜂王	203618	2	2	0	47	105	75831	500	500	9000	5	0	100000	0	0	0	10	5	103	500000	0	2	1	0	1	1	0	icon_guaiwu_30	0							
3000096	西夏守军	203108	2	2	0	47	9	75831	500	500	9000	5	0	0	0	0	0	10	5	103	500000	0	2	1	0	1	1	0	icon_guaiwu_16	0							
3000097	西夏守军	203106	2	2	0	47	20	75831	500	500	9000	5	0	50	0	0	0	10	5	103	500000	0	2	1	0	1	1	0	icon_guaiwu_16	0							
3000098	义士	203313	1	1	0	47	23	75831	500	500	9000	5	0	0	0	0	0	10	5	202	510001;520001	0	1	1	0	1	1	0	icon_guaiwu_8	0							
3000099	西夏守将	203627	2	3	0	47	28	75831	500	500	9000	5	0	100	0	0	0	5	5	103	500000	0	3	1	0	1	1	0	icon_guaiwu_16	10							
30000941	村民	203308	1	1	0	45	23	56966	500	500	9000	5	0	0	0	0	0	10	5	103	500000	0	1	1	0	1	1	0	icon_guaiwu_3	0							
3000100	蒙面人首领	203301	2	2	0	48	21	76977	500	500	9000	5	0	100	0	0	0	10	5	103	500000	0	1	1	0	1	1	0	icon_guaiwu_7	0							
3000101	蒙面人	203306	2	1	0	48	2	76977	500	500	9000	5	0	0	0	0	0	10	5	103	500000	0	1	1	0	1	1	0	icon_guaiwu_7	0							
3000102	蒙面人	203307	2	2	0	48	9	76977	500	500	9000	5	0	50	0	0	0	10	5	103	500000	0	2	1	0	1	1	0	icon_guaiwu_7	0							
3000103	协助友方	203004	1	1	0	48	23	76977	500	500	9000	5	0	0	0	0	0	10	5	103	500000	0	1	1	0	1	1	0	icon_guaiwu_8	0							
3000104	神秘老者	203628	2	3	0	48	23	76977	500	500	9000	5	0	100	0	0	0	5	5	201	501001;502001	0	3	1	0	1	1	0	icon_guaiwu_7	10							
3000105	蒙面重剑手	202110	2	1	0	49	8	78133	500	500	9000	5	0	0	0	0	0	10	5	306	510001;520001;520004;520007	0	1	1	0	1	1	0	icon_guaiwu_19	0							
3000106	蒙面刺客	203306	2	1	0	49	9	78133	500	500	9000	5	0	0	0	0	0	10	5	103	500000	0	1	1	0	1	1	0	icon_guaiwu_7	0							
3000107	蒙面刺客精英	203301	2	2	0	49	16	78133	500	500	9000	5	0	50	0	0	0	10	5	103	500000	0	2	1	0	1	1	0	icon_guaiwu_7	0							
3000108	协助友方	203004	1	1	0	49	23	78133	500	500	9000	5	0	0	0	0	0	10	5	103	500000	0	1	1	0	1	1	0	icon_guaiwu_8	0							
3000109	幻影	201000	2	1	0	49	16	78133	500	500	9000	5	0	0	0	0	0	10	5	303	510001;520001;520004;520007	0	1	1	0	1	1	0	icon_boss	0							
3000110	李秋子	201000	2	3	0	49	23	78133	500	500	9000	5	0	100	0	0	0	5	5	303	510001;520001;520004;520007	0	3	1	0	1	1	0	icon_boss	10							
3000111	西夏刀兵	203108	2	1	0	50	2	108552	500	500	9000	5	0	0	0	0	0	10	5	103	500000	0	1	1	0	1	1	0	icon_guaiwu_16	0							
3000112	西夏刀卫	203302	2	1	0	50	2	108552	500	500	9000	5	0	0	0	0	0	10	5	103	500000	0	1	1	0	1	1	0	icon_guaiwu_19	0							
3000113	西夏将军	203310	2	2	0	50	9	108552	500	500	9000	5	0	50	0	0	0	10	5	103	500000	0	2	1	0	1	1	0	icon_guaiwu_13	0							
3000114	协助友方	203004	1	1	0	50	23	108552	500	500	9000	5	0	0	0	0	0	10	5	103	500000	0	1	1	0	1	1	0	icon_guaiwu_8	0							
3000115	机关陷阱	203600	2	1	0	50	23	108552	500	500	9000	5	0	0	0	0	0	10	5	103	500000	0	1	1	0	1	0	0	icon_guaiwu_30	0							
3000116	西夏大将军	203403	2	3	0	50	23	108552	500	500	9000	5	0	100	0	0	0	5	5	201	501001;502001	0	3	1	0	1	1	0	icon_guaiwu_21	10							
3000117	西夏刀兵	203108	2	1	0	50	2	108552	500	500	9000	5	0	0	0	0	0	10	5	103	500000	0	1	1	0	1	1	0	icon_guaiwu_16	0							
3000118	西夏将军	203310	2	2	0	50	15	108552	500	500	9000	5	0	50	0	0	0	10	5	103	500000	0	2	1	0	1	1	0	icon_guaiwu_13	0							
3000119	协助友方	203004	1	1	0	50	23	108552	500	500	9000	5	0	0	0	0	0	10	5	103	500000	0	1	1	0	1	1	0	icon_guaiwu_8	0							
3000120	机关傀儡	203600	2	1	0	50	5	108552	500	500	9000	5	0	0	0	0	0	10	5	103	500000	0	1	1	0	1	0	0	icon_guaiwu_30	0							
3000121	西夏王子	202106	2	3	0	50	28	108552	500	500	9000	5	0	100	0	0	0	5	5	306	510001;520001;520004;	0	3	1	0	1	1	0	icon_touxiang3	10							
3000122	西夏刀卫	203302	2	1	0	50	2	108552	500	500	9000	5	0	0	0	0	0	10	5	103	500000	0	1	1	0	1	1	0	icon_guaiwu_19	0							
3000123	西夏将军	203310	2	2	0	50	16	108552	500	500	9000	5	0	50	0	0	0	10	5	103	500000	0	2	1	0	1	1	0	icon_guaiwu_13	0							
3000124	协助友方	203004	1	1	0	50	23	108552	500	500	9000	5	0	0	0	0	0	10	5	103	500000	0	1	1	0	1	1	0	icon_guaiwu_8	0							
3000125	西夏王子	202106	2	3	0	50	23	108552	500	500	9000	5	0	100	0	0	0	5	5	306	510001;520001;520004;	0	3	1	0	1	1	0	icon_touxiang3	10							
3000126	西夏刀卫	203302	2	1	0	50	13	108552	500	500	9000	5	0	100000	0	0	0	10	5	3000	500000	0	1	1	0	1	1	0	icon_guaiwu_19	0							
3000127	西夏禁卫	203104	2	1	0	50	14	108552	500	500	9000	5	0	100000	0	0	0	10	5	3000	500000	0	1	1	0	1	1	0	icon_guaiwu_5	0							
3000128	西夏影卫	203314	2	2	0	50	20	108552	500	500	9000	5	0	50	0	0	0	10	5	103	500000	0	2	1	0	1	1	0	icon_guaiwu_24	0							
3000129	英雄豪杰曾某	202116	1	1	0	50	23	108552	500	500	9000	5	0	0	0	0	0	10	5	103	500000	0	1	1	0	1	1	0	icon_guaiwu_28	0							
3000130	西夏公主	202001	1	1	0	50	23	108552	500	500	9000	5	0	0	0	0	0	10	5	103	500000	0	1	1	1	1	1	0	icon_nv	0							
3000131	西夏护龙伯	201006	2	3	0	50	28	108552	500	500	9000	5	0	100	0	0	0	5	5	201	501001;502001	0	3	1	0	1	1	0	icon_guaiwu_1	10							
3000132	西夏双斧	203106	2	1	0	50	2	108552	500	500	9000	5	0	0	0	0	0	10	3	100	500000	0	1	1	0	1	1	0	icon_guaiwu_16	0							
3000133	西夏单刀	203108	2	2	0	50	9	108552	500	500	9000	5	0	0	0	0	0	10	3	103	500000	0	2	1	0	1	1	0	icon_guaiwu_16	0							
3000134	西夏将军	203103	2	2	0	50	16	108552	500	500	9000	5	0	50	0	0	0	10	3	103	500000	0	2	1	0	1	1	0	icon_guaiwu_5	0							
3000135	黄姑娘	900002	1	1	0	50	23	108552	500	500	9000	5	0	0	0	0	0	10	3	1002	500000	0	1	1	0	1	1	0	icon_skill_meiren_1	0							
3000136	残暴牛头怪	201001	2	3	0	50	28	108552	500	500	9000	5	0	100	0	0	0	5	3	304	501001;502001;502004	0	3	1	0	1	1	0	icon_guaiwu_9	10							
3000137	西夏青狼指挥	203107	2	2	0	50	2	108552	500	500	9000	5	0	50	0	0	0	10	3	103	500000	0	2	1	0	1	1	0	icon_guaiwu_16	0							
3000138	狂暴青狼	203607	2	1	0	50	2	108552	500	500	9000	5	0	0	0	0	0	10	3	103	500000	0	1	1	0	1	1	0	icon_guaiwu_30	0							
3000139	蒙面刺客精英	203301	2	2	0	50	9	108552	500	500	9000	5	0	50	0	0	0	10	3	103	500000	0	2	1	0	1	1	0	icon_guaiwu_7	0							
3000140	黄姑娘	900002	1	1	0	50	23	108552	500	500	9000	5	0	0	0	0	0	10	3	103	500000	0	1	1	0	1	1	0	icon_skill_meiren_1	0							
3000141	白老虎	203601	2	3	0	50	23	108552	500	500	9000	5	0	100	0	0	0	5	3	103	500000	0	3	1	0	1	1	0	icon_guaiwu_30	10							
3000142	西夏剑手	203306	2	1	0	50	2	108552	500	500	9000	5	0	0	0	0	0	10	3	103	500000	0	1	1	0	1	1	0	icon_guaiwu_7	0							
3000143	西夏单刀	203108	2	1	0	50	2	108552	500	500	9000	5	0	0	0	0	0	10	3	103	500000	0	1	1	0	1	1	0	icon_guaiwu_16	0							
3000144	蒙面刺客精英	203301	2	2	0	50	16	108552	500	500	9000	5	0	50	0	0	0	10	3	103	500000	0	2	1	0	1	1	0	icon_guaiwu_7	0							
3000145	红衣女子	202001	1	1	0	50	22	108552	500	500	9000	5	0	0	0	0	0	10	3	103	500000	0	1	1	0	1	1	0	icon_nv	0							
3000146	黄姑娘	202005	1	1	0	50	22	108552	500	500	9000	5	0	0	0	0	0	10	3	103	500000	0	1	1	0	1	1	0	icon_touxiang2	0							
3000147	刺客头领	201000	2	3	0	50	23	108552	500	500	9000	5	0	100	0	0	0	5	3	303	510001;520001;520004;520007	0	3	1	0	1	1	0	icon_boss	10							
3000148	野猪	203603	2	2	0	50	9	108552	500	500	9000	5	0	0	0	0	0	10	3	103	500000	0	2	1	0	1	1	0	icon_guaiwu_30	0							
3000149	西夏野猪指挥	203107	2	2	0	50	16	108552	500	500	9000	5	0	50	0	0	0	10	3	103	500000	0	2	1	0	1	1	0	icon_guaiwu_16	0							
3000150	西夏刀卫	203302	2	1	0	50	23	108552	500	500	9000	5	0	0	0	0	0	10	3	103	500000	0	1	1	0	1	1	0	icon_guaiwu_19	0							
3000151	药奴	203404	2	3	0	50	28	108552	500	500	9000	5	0	100	0	0	0	5	3	103	500000	0	3	1	0	1	1	0	icon_guaiwu_18	10							
3000152	西夏禁卫	203104	2	1	0	51	2	112666	500	500	9000	5	0	0	0	0	0	10	3	103	500000	0	1	1	0	1	1	0	icon_guaiwu_5	0							
3000153	西夏剑卫	203103	2	2	0	51	15	112666	500	500	9000	5	0	50	0	0	0	10	3	103	500000	0	2	1	0	1	1	0	icon_guaiwu_5	0							
3000154	协助友方	203004	1	1	0	51	23	112666	500	500	9000	5	0	0	0	0	0	10	3	103	500000	0	1	1	0	1	1	0	icon_guaiwu_8	0							
3000155	西夏大将军	203403	2	3	0	51	23	112666	500	500	9000	5	0	100	0	0	0	5	3	201	501001;502001	0	3	1	0	1	1	0	icon_guaiwu_21	10							
3000156	西夏禁卫	203104	2	1	0	51	2	112666	500	500	9000	5	0	0	0	0	0	10	3	100	500000	0	1	1	0	1	1	0	icon_guaiwu_5	0							
3000157	西夏剑卫	203103	2	2	0	51	16	112666	500	500	9000	5	0	50	0	0	0	10	3	100	500000	0	2	1	0	1	1	0	icon_guaiwu_5	0							
3000158	药奴	203404	2	3	0	51	23	112666	500	500	9000	5	0	100	0	0	0	5	3	103	500000	0	3	1	0	1	1	0	icon_guaiwu_18	10							
3000159	李秋子	201000	2	3	0	51	23	112666	500	500	9000	5	0	100	0	0	0	5	3	303	510001;520001;520004;520007	0	3	1	0	1	1	0	icon_boss	10							
30001591	机关弩	210004	2	1	0	51	23	112666	500	500	9000	5	0	0	0	0	0	10	5	3000	700006;700007	0	1	1	1	1	0	0	icon_guaiwu_23	0							
3000160	西夏影卫	203314	2	1	0	52	2	114265	500	500	9000	5	0	0	0	0	0	10	3	103	500000	0	1	1	0	1	1	0	icon_guaiwu_24	0							
3000161	影卫头领	203307	2	1	0	52	15	114265	500	500	9000	5	0	50	0	0	0	10	3	103	500000	0	1	1	0	1	1	0	icon_guaiwu_7	0							
3000162	影卫头领	203307	2	2	0	52	9	114265	500	500	9000	5	0	50	0	0	0	10	3	103	500000	0	2	1	0	1	1	0	icon_guaiwu_7	0							
3000163	协助友方	203004	1	1	0	52	23	114265	500	500	9000	5	0	0	0	0	0	10	3	103	500000	0	1	1	0	1	1	0	icon_guaiwu_8	0							
3000164	机关陷阱	203600	2	1	0	52	23	114265	500	500	9000	5	0	0	0	0	0	10	3	103	500000	0	1	1	0	1	1	0	icon_guaiwu_30	0							
3000165	鼎奴	203402	2	3	0	52	23	114265	500	500	9000	5	0	100	0	0	0	5	3	201	501001;502001	0	3	1	0	1	1	0	icon_guaiwu_21	10							
3000166	西夏禁卫	203104	2	1	0	52	2	114265	500	500	9000	5	0	0	0	0	0	10	3	103	500000	0	1	1	0	1	1	0	icon_guaiwu_5	0							
3000167	西夏剑卫	203103	2	2	0	52	15	114265	500	500	9000	5	0	50	0	0	0	10	3	103	500000	0	2	1	0	1	1	0	icon_guaiwu_5	0							
3000168	清尘大师	203315	1	2	0	52	23	114265	500	500	9000	5	0	50	0	0	0	10	3	103	500000	0	0	1	0	1	1	0	icon_guaiwu_17	0							
3000169	开封守卫	203104	2	1	0	52	8	114265	500	500	9000	5	0	0	0	0	0	10	3	103	500000	0	1	1	0	1	1	0	icon_guaiwu_5	0							
3000170	开封守将	203103	2	2	0	52	15	114265	500	500	9000	5	0	50	0	0	0	10	3	103	500000	0	2	1	0	1	1	0	icon_guaiwu_5	0							
3000171	协助友方	203004	1	1	0	52	23	114265	500	500	9000	5	0	0	0	0	0	10	3	103	500000	0	1	1	0	1	1	0	icon_guaiwu_8	0							
3000172	机关傀儡	203600	2	1	0	52	15	114265	500	500	9000	5	0	0	0	0	0	10	3	103	500000	0	1	1	0	1	1	0	icon_guaiwu_30	0							
3000173	大斧	203403	2	3	0	52	28	114265	500	500	9000	5	0	100	0	0	0	5	3	201	501001;502001	0	3	1	0	1	1	0	icon_guaiwu_21	10							
30001731	机关弩	210004	2	1	0	52	28	114265	500	500	9000	5	0	0	0	0	0	10	5	3003	700006;700007	0	1	1	1	1	0	0	icon_guaiwu_23	0							
3000174	虎卫	203601	2	1	0	53	9	119773	500	500	9000	5	0	0	0	0	0	10	3	103	500000	0	1	1	0	1	1	0	icon_guaiwu_30	0							
3000175	虎卫指挥	203107	2	2	0	53	16	119773	500	500	9000	5	0	50	0	0	0	10	3	103	500000	0	2	1	0	1	1	0	icon_guaiwu_16	0							
3000176	清尘大师	203315	1	1	0	53	23	119773	500	500	9000	5	0	0	0	0	0	10	3	103	500000	0	1	1	0	1	1	0	icon_guaiwu_17	0							
3000177	西夏剑皇	201003	2	3	0	53	23	119773	500	500	9000	5	0	100	0	0	0	5	3	201	501001;502001	0	3	1	0	1	1	0	icon_guaiwu_12	10							
3000178	西夏刀兵	203100	2	3	0	53	9	119773	500	500	9000	5	0	0	0	0	0	10	3	103	500000	0	1	1	0	1	1	0	icon_guaiwu_29	0							
3000179	西夏刀卫	203313	2	2	0	53	15	119773	500	500	9000	5	0	0	0	0	0	10	3	202	510001;520001	0	1	1	0	1	1	0	icon_guaiwu_8	0							
3000180	鼎奴	203402	2	2	0	53	23	119773	500	500	9000	5	0	50	0	0	0	10	3	103	500000	0	1	1	0	1	1	0	icon_guaiwu_21	0							
3000181	药奴	203404	2	3	0	53	23	119773	500	500	9000	5	0	50	0	0	0	10	3	103	500000	0	1	1	0	1	1	0	icon_guaiwu_18	0							
3000182	石俑统帅	203407	2	2	0	53	23	119773	500	500	9000	5	0	50	0	0	0	10	3	103	500000	0	1	1	0	1	1	0	icon_guaiwu_21	0							
3000183	秦皇	201003	2	2	0	53	23	119773	500	500	9000	5	0	50	0	0	0	10	3	103	500000	0	1	1	0	1	1	0	icon_guaiwu_12	0							
3000184	西夏震国公	201004	2	3	0	53	28	119773	500	500	9000	5	0	50	0	0	0	10	3	304	501001;502001;502004	0	1	1	0	1	1	0	icon_guaiwu_10	0							
3000185	西夏刀卫	203302	2	1	0	53	7	119773	500	500	9000	5	0	0	0	0	0	10	3	103	500000	0	1	1	0	1	1	0	icon_guaiwu_19	0							
3000186	精锐刀卫	203313	2	2	0	53	21	119773	500	500	9000	5	0	50	0	0	0	10	3	202	510001;520001	0	2	1	0	1	1	0	icon_guaiwu_8	0							
3000187	萧乔	202106	1	1	0	53	23	119773	500	500	9000	5	0	50	0	0	0	10	3	306	510001;520001;520004;	0	1	1	0	1	1	0	icon_touxiang3	0							
3000188	段青阳	203309	1	1	0	53	23	119773	500	500	9000	5	0	50	0	0	0	10	3	103	500000	0	1	1	0	1	1	0	icon_guaiwu_6	0							
3000189	清尘大师	203315	1	1	0	53	23	119773	500	500	9000	5	0	100	0	0	0	10	3	103	500000	0	1	1	0	1	1	0	icon_guaiwu_17	0							
3000190	极轩道长	203201	1	1	0	53	23	119773	500	500	9000	5	0	100	0	0	0	10	3	103	500000	0	1	1	0	1	1	0	icon_guaiwu_28	0							
3000191	海岛护卫	203003	2	1	0	21	2	8666	500	500	9000	5	0	0	0	0	0	10	5	4001	500000	0	1	1	0	1	1	0	icon_guaiwu_8	0	有人！绑住献给主人					1	5
3000192	海岛护将	203004	2	2	0	21	9	8666	500	500	9000	5	0	50	0	0	0	10	5	4001	500000	0	2	1	0	1	1	0	icon_guaiwu_8	0	拿命来！					1	5
3000193	机关	210005	2	1	0	29	23	18686	500	500	9000	5	0	0	0	0	0	10	5	3000	700000	0	1	1	1	1	0	0	icon_guaiwu_23	0							
3000195	神秘美女	900001	1	2	0	30	23	22986	500	500	9000	5	0	0	0	0	0	0	3	1002	500000	0	1	1	0	1	1	0	icon_skill_meiren_1	0	姐姐美吗？				快来就姐姐！	1	5
4000001	铁臂神	203401	2	3	0	36	22	32112	500	500	9000	5	0	100	0	0	0	5	5	201	501001;502001	0	3	1	0	1	1	0	icon_guaiwu_2	10							
4000002	铁面侠	201000	2	3	0	38	23	33483	500	500	9000	5	0	100	0	0	0	5	5	303	510001;520001;520004;520007	0	3	1	0	1	1	0	icon_boss	10							
4000003	萧乔	202106	2	3	0	40	24	39441	500	500	9000	5	0	100	0	0	0	5	5	306	510001;520001;520004;	0	3	1	0	1	1	0	icon_touxiang3	10							
4000004	斗笠燕大	203400	2	3	0	42	25	40991	500	500	9000	5	0	100	0	0	0	5	5	304	501001;502001;502004	0	3	1	0	1	1	0	icon_guaiwu_8	10							
4000005	梅玄风	201002	2	3	0	44	26	42572	500	500	9000	5	0	100	0	0	0	5	5	304	501001;502001;502004	0	3	1	0	1	1	0	icon_guaiwu_27	10							
4000006	僵尸锤	203404	2	3	0	46	27	75064	500	500	9000	5	0	100	0	0	0	10	5	103	500000	0	2	1	0	1	1	0	icon_guaiwu_18	0							
4000007	蒙面侠客	203301	2	3	0	48	28	76977	500	500	9000	5	0	100	0	0	0	10	5	103	500000	0	2	1	0	1	1	0	icon_guaiwu_7	0							
4000008	猛将军	203103	2	3	0	50	22	108552	500	500	9000	5	0	100	0	0	0	10	5	103	500000	0	2	1	0	1	1	0	icon_guaiwu_5	0							
4000009	双斧汉	203002	2	3	0	52	23	114265	500	500	9000	5	0	100	0	0	0	5	5	103	500000	0	3	1	0	1	1	0	icon_guaiwu_8	10							
4000010	地宫皇	201003	2	3	0	54	24	121209	500	500	9000	5	0	100	0	0	0	5	5	201	501001;502001	0	3	1	0	1	1	0	icon_guaiwu_12	10							
4000011	鼎刀客	203402	2	3	0	56	25	135127	500	500	9000	5	0	100	0	0	0	10	5	103	500000	0	1	1	0	1	1	0	icon_guaiwu_21	0							
4000012	光头斧	203403	2	3	0	58	26	141318	500	500	9000	5	0	100	0	0	0	10	5	103	500000	0	1	1	0	1	1	0	icon_guaiwu_21	0							
4000013	百事通	202116	2	3	0	60	27	167245	500	500	9000	5	0	100	0	0	0	10	5	305	510001;520001;520004;	0	1	1	0	1	1	0	icon_guaiwu_28	0							
4000014	双锤将	203627	2	3	0	62	28	170244	500	500	9000	5	0	100	0	0	0	10	5	103	500000	0	1	1	0	1	1	0	icon_guaiwu_16	0							
4000015	石俑统帅	203407	2	3	0	64	22	179060	500	500	9000	5	0	100	0	0	0	10	5	103	500000	0	1	1	0	1	1	0	icon_guaiwu_21	0							
4000016	书生笔	203102	2	3	0	66	23	191844	500	500	9000	5	0	100	0	0	0	10	5	201	501002;502002	0	1	1	0	1	1	0	icon_guaiwu_29	0							
4000017	巨剑客	203304	2	3	0	68	24	196363	500	500	9000	5	0	100	0	0	0	10	5	103	500000	0	1	1	0	1	1	0	icon_guaiwu_19	0							
4000018	霸王刀	203311	2	3	0	70	25	270864	500	500	9000	5	0	100	0	0	0	10	5	202	510001;520001	0	2	1	0	1	1	0	icon_guaiwu_6	0							
4000101	山贼	203000	2	1	0	40	2	39441	500	500	9000	5	0	0	0	0	0	5	5	103	500000	0	3	1	0	1	1	0	icon_guaiwu_8	10							
4000102	山贼头目	203001	2	2	0	40	9	39441	500	500	9000	5	0	50	0	0	0	5	5	103	500000	0	3	1	0	1	1	0	icon_guaiwu_8	10							
4000103	山贼首领	203304	2	3	0	40	22	39441	500	500	9000	5	0	100	0	0	0	5	5	103	500000	0	3	1	0	1	1	0	icon_guaiwu_19	10							
4000104	野猪	203603	2	1	0	42	2	40991	500	500	9000	5	0	0	0	0	0	5	5	103	500000	0	3	1	0	1	1	0	icon_guaiwu_30	10							
4000105	石俑	203623	2	2	0	42	9	40991	500	500	9000	5	0	10000	0	0	0	5	5	103	500000	0	3	1	0	1	1	0	icon_guaiwu_21	10							
4000106	野猪首领	203626	2	3	0	42	22	40991	500	500	9000	5	0	100	0	0	0	5	5	103	500000	0	3	1	0	1	1	0	icon_guaiwu_30	10							
4000107	机关兽	203600	2	1	0	44	9	42572	500	500	9000	5	0	10000	0	0	0	5	5	103	500000	0	3	1	0	1	1	0	icon_guaiwu_30	10							
4000108	石俑	203623	2	2	0	44	16	42572	500	500	9000	5	0	10000	0	0	0	5	5	103	500000	0	3	1	0	1	1	0	icon_guaiwu_21	10							
4000109	机关首领	203619	2	3	0	44	22	42572	500	500	9000	5	0	100	0	0	0	5	5	103	500000	0	3	1	0	1	1	0	icon_guaiwu_30	10							
4000110	单刀兵	203108	2	1	0	46	2	75064	500	500	9000	5	0	0	0	0	0	5	5	103	500000	0	3	1	0	1	1	0	icon_guaiwu_16	10							
4000111	双斧兵	203106	2	2	0	46	9	75064	500	500	9000	5	0	50	0	0	0	5	5	103	500000	0	3	1	0	1	1	0	icon_guaiwu_16	10							
4000112	双锤将	203627	2	3	0	46	22	75064	500	500	9000	5	0	100	0	0	0	5	5	103	500000	0	3	1	0	1	1	0	icon_guaiwu_16	10							
4000113	铁臂	203401	2	1	0	48	2	76977	500	500	9000	5	0	100	0	0	0	5	5	103	500000	0	3	1	0	1	1	0	icon_guaiwu_2	10							
4000114	铁臂	203401	2	2	0	48	9	76977	500	500	9000	5	0	100	0	0	0	5	5	103	500000	0	3	1	0	1	1	0	icon_guaiwu_2	10							
4000115	铁臂	203401	2	3	0	48	106	76977	500	500	9000	5	0	100	0	0	0	5	5	201	501001;502001	0	3	1	0	1	1	0	icon_guaiwu_2	10							
4000116	护卫	203003	2	1	0	50	2	108552	500	500	9000	5	0	0	0	0	0	10	5	103	500000	0	2	1	0	1	1	0	icon_guaiwu_8	0							
4000117	护卫长	203004	2	2	0	50	9	108552	500	500	9000	5	0	50	0	0	0	5	5	103	500000	0	3	1	0	1	1	0	icon_guaiwu_8	10							
4000118	护卫首领	203304	2	3	0	50	22	108552	500	500	9000	5	0	100	0	0	0	5	5	103	500000	0	3	1	0	1	1	0	icon_guaiwu_19	10							
4000119	野狼	203607	2	1	0	52	2	114265	500	500	9000	5	0	0	0	0	0	10	5	103	500000	0	2	1	0	1	1	0	icon_guaiwu_30	0							
4000120	石俑	203623	2	2	0	52	9	114265	500	500	9000	5	0	10000	0	0	0	5	5	103	500000	0	3	1	0	1	1	0	icon_guaiwu_21	10							
4000121	野狼首领	203620	2	3	0	52	22	114265	500	500	9000	5	0	100	0	0	0	5	5	103	500000	0	3	1	0	1	1	0	icon_guaiwu_30	10							
4000122	斧石俑	203405	2	1	0	54	9	121209	500	500	9000	5	0	10000	0	0	0	10	5	103	500000	0	2	1	0	1	1	0	icon_guaiwu_21	0							
4000123	斧石俑	203405	2	2	0	54	16	121209	500	500	9000	5	0	10000	0	0	0	5	5	103	500000	0	3	1	0	1	1	0	icon_guaiwu_21	10							
4000124	石俑统帅	203624	2	3	0	54	22	121209	500	500	9000	5	0	100	0	0	0	5	5	103	500000	0	3	1	0	1	1	0	icon_guaiwu_21	10							
4000125	神秘士兵	203100	2	1	0	56	2	135127	500	500	9000	5	0	0	0	0	0	5	5	103	500000	0	3	1	0	1	1	0	icon_guaiwu_29	10							
4000126	神秘士兵	203101	2	2	0	56	9	135127	500	500	9000	5	0	50	0	0	0	5	5	103	500000	0	3	1	0	1	1	0	icon_guaiwu_29	10							
4000127	神秘将军	203102	2	3	0	56	22	135127	500	500	9000	5	0	100	0	0	0	5	5	201	501002;502002	0	3	1	0	1	1	0	icon_guaiwu_29	10							
4000128	铁面侠	201000	2	1	0	58	2	141318	500	500	9000	5	0	100	0	0	0	5	5	103	500000	0	3	1	0	1	1	0	icon_boss	10							
4000129	铁面侠	201000	2	2	0	58	9	141318	500	500	9000	5	0	100	0	0	0	5	5	103	500000	0	3	1	0	1	1	0	icon_boss	10							
4000130	铁面侠	201000	2	3	0	58	106	141318	500	500	9000	5	0	100	0	0	0	5	5	303	510001;520001;520004;520007	0	3	1	0	1	1	0	icon_boss	10							
4000131	神秘侠士	203306	2	1	0	60	2	167245	500	500	9000	5	0	0	0	0	0	10	5	103	500000	0	1	1	0	1	1	0	icon_guaiwu_7	0							
4000132	神秘侠士	203307	2	2	0	60	9	167245	500	500	9000	5	0	50	0	0	0	5	5	103	500000	0	3	1	0	1	1	0	icon_guaiwu_7	10							
4000133	神秘侠客	203301	2	3	0	60	22	167245	500	500	9000	5	0	100	0	0	0	5	5	103	500000	0	3	1	0	1	1	0	icon_guaiwu_7	10							
4000134	野猴	203608	2	1	0	62	2	170244	500	500	9000	5	0	0	0	0	0	10	5	103	500000	0	1	1	0	1	1	0	icon_guaiwu_30	0							
4000135	石俑	203623	2	2	0	62	9	170244	500	500	9000	5	0	10000	0	0	0	5	5	103	500000	0	3	1	0	1	1	0	icon_guaiwu_21	10							
4000136	野猴首领	203617	2	3	0	62	22	170244	500	500	9000	5	0	100	0	0	0	5	5	103	500000	0	3	1	0	1	1	0	icon_guaiwu_30	10							
4000137	机关兽	203600	2	1	0	64	9	179060	500	500	9000	5	0	10000	0	0	0	10	5	103	500000	0	1	1	0	1	1	0	icon_guaiwu_30	0							
4000138	机关兽	203600	2	2	0	64	16	179060	500	500	9000	5	0	10000	0	0	0	5	5	103	500000	0	3	1	0	1	1	0	icon_guaiwu_30	10							
4000139	鼎奴	203402	2	3	0	64	22	179060	500	500	9000	5	0	100	0	0	0	5	5	103	500000	0	3	1	0	1	1	0	icon_guaiwu_21	10							
4000140	山贼	203000	2	1	0	66	2	191844	500	500	9000	5	0	0	0	0	0	10	5	103	500000	0	1	1	0	1	1	0	icon_guaiwu_8	0							
4000141	山贼头目	203001	2	2	0	66	9	191844	500	500	9000	5	0	50	0	0	0	5	5	103	500000	0	3	1	0	1	1	0	icon_guaiwu_8	10							
4000142	神秘侠客	203313	2	3	0	66	22	191844	500	500	9000	5	0	100	0	0	0	5	5	202	510001;520001	0	3	1	0	1	1	0	icon_guaiwu_8	10							
4000143	利爪燕三	203400	2	1	0	68	2	196363	500	500	9000	5	0	100	0	0	0	10	5	103	500000	0	1	1	0	1	1	0	icon_guaiwu_8	0							
4000144	利爪燕三	203400	2	2	0	68	9	196363	500	500	9000	5	0	100	0	0	0	5	5	103	500000	0	3	1	0	1	1	0	icon_guaiwu_8	10							
4000145	利爪燕三	203400	2	3	0	68	106	196363	500	500	9000	5	0	100	0	0	0	5	5	304	501001;502001;502004	0	3	1	0	1	1	0	icon_guaiwu_8	10							
4000146	单刀兵	203612	2	1	0	70	2	270864	500	500	9000	5	0	0	0	0	0	10	5	103	500000	0	1	1	0	1	1	0	icon_guaiwu_30	0							
4000147	双斧兵	203612	2	2	0	70	9	270864	500	500	9000	5	0	50	0	0	0	5	5	103	500000	0	3	1	0	1	1	0	icon_guaiwu_30	10							
4000148	双锤将	203618	2	3	0	70	22	270864	500	500	9000	5	0	100	0	0	0	5	5	103	500000	0	3	1	0	1	1	0	icon_guaiwu_30	10							
4000149	野蜂	203108	2	1	0	72	2	275370	500	500	9000	5	0	0	0	0	0	10	5	103	500000	0	1	1	0	1	1	0	icon_guaiwu_16	0							
4000150	石俑	203623	2	2	0	72	9	275370	500	500	9000	5	0	10000	0	0	0	5	5	103	500000	0	3	1	0	1	1	0	icon_guaiwu_21	10							
4000151	野蜂首领	203618	2	3	0	72	22	275370	500	500	9000	5	0	100	0	0	0	5	5	103	500000	0	3	1	0	1	1	0	icon_guaiwu_30	10							
4000152	小枪俑	203407	2	1	0	74	9	289226	500	500	9000	5	0	10000	0	0	0	10	5	103	500000	0	2	1	0	1	1	0	icon_guaiwu_21	0							
4000153	小枪俑	203407	2	2	0	74	16	289226	500	500	9000	5	0	10000	0	0	0	5	5	103	500000	0	3	1	0	1	1	0	icon_guaiwu_21	10							
4000154	斧奴	203405	2	3	0	74	22	289226	500	500	9000	5	0	100	0	0	0	5	5	103	500000	0	3	1	0	1	1	0	icon_guaiwu_21	10							
4000155	侍女	203501	2	1	0	76	2	314890	500	500	9000	5	0	0	0	0	0	5	5	103	500000	0	3	1	0	1	1	0	icon_guaiwu_23	10							
4000156	药奴	203404	2	2	0	76	9	314890	500	500	9000	5	0	50	0	0	0	5	5	103	500000	0	3	1	0	1	1	0	icon_guaiwu_18	10							
4000157	药奴首领	203625	2	3	0	76	22	314890	500	500	9000	5	0	100	0	0	0	5	5	103	500000	0	3	1	0	1	1	0	icon_guaiwu_18	10							
4000158	牛头妖	201001	2	1	0	78	2	351778	500	500	9000	5	0	100	0	0	0	5	5	103	500000	0	3	1	0	1	1	0	icon_guaiwu_9	10							
4000159	牛头妖	201001	2	2	0	78	9	351778	500	500	9000	5	0	100	0	0	0	5	5	103	500000	0	3	1	0	1	1	0	icon_guaiwu_9	10							
4000160	牛头妖	201001	2	3	0	78	106	351778	500	500	9000	5	0	100	0	0	0	5	5	201	501001;502001	0	3	1	0	1	1	0	icon_guaiwu_9	10							
4000161	山贼	203000	2	1	0	80	2	375801	500	500	9000	5	0	0	0	0	0	5	5	103	500000	0	3	1	0	1	1	0	icon_guaiwu_8	10							
4000162	山贼头目	203001	2	2	0	80	9	375801	500	500	9000	5	0	50	0	0	0	5	5	103	500000	0	3	1	0	1	1	0	icon_guaiwu_8	10							
4000163	山贼首领	203304	2	3	0	80	22	375801	500	500	9000	5	0	100	0	0	0	5	5	103	500000	0	3	1	0	1	1	0	icon_guaiwu_19	10							
4000164	野猪	203603	2	1	0	82	2	387315	500	500	9000	5	0	0	0	0	0	5	5	103	500000	0	3	1	0	1	1	0	icon_guaiwu_30	10							
4000165	石俑	203623	2	2	0	82	9	387315	500	500	9000	5	0	10000	0	0	0	5	5	103	500000	0	3	1	0	1	1	0	icon_guaiwu_21	10							
4000166	野猪首领	203626	2	3	0	82	22	387315	500	500	9000	5	0	100	0	0	0	5	5	103	500000	0	3	1	0	1	1	0	icon_guaiwu_30	10							
4000167	机关兽	203600	2	1	0	84	9	395518	500	500	9000	5	0	10000	0	0	0	5	5	103	500000	0	3	1	0	1	1	0	icon_guaiwu_30	10							
4000168	石俑	203623	2	2	0	84	16	395518	500	500	9000	5	0	10000	0	0	0	5	5	103	500000	0	3	1	0	1	1	0	icon_guaiwu_21	10							
4000169	机关首领	203619	2	3	0	84	22	395518	500	500	9000	5	0	100	0	0	0	5	5	103	500000	0	3	1	0	1	1	0	icon_guaiwu_30	10							
4000170	单刀兵	203108	2	1	0	86	2	401946	500	500	9000	5	0	0	0	0	0	10	5	103	500000	0	2	1	0	1	1	0	icon_guaiwu_16	0							
4000171	双斧兵	203106	2	2	0	86	9	401946	500	500	9000	5	0	50	0	0	0	5	5	103	500000	0	3	1	0	1	1	0	icon_guaiwu_16	10							
4000172	双锤将	203627	2	3	0	86	22	401946	500	500	9000	5	0	100	0	0	0	5	5	103	500000	0	3	1	0	1	1	0	icon_guaiwu_16	10							
4000173	剑奴	201002	2	1	0	88	2	463546	500	500	9000	5	0	100	0	0	0	10	5	103	500000	0	2	1	0	1	1	0	icon_guaiwu_27	0							
4000174	剑奴	201002	2	2	0	88	9	463546	500	500	9000	5	0	100	0	0	0	5	5	103	500000	0	3	1	0	1	1	0	icon_guaiwu_27	10							
4000175	剑奴	201002	2	3	0	88	106	463546	500	500	9000	5	0	100	0	0	0	5	5	306	510001;520001;520004	0	3	1	0	1	1	0	icon_guaiwu_27	10							
4000176	护卫	203003	2	1	0	90	2	553442	500	500	9000	5	0	0	0	0	0	10	5	103	500000	0	2	1	0	1	1	0	icon_guaiwu_8	0							
4000177	护卫长	203004	2	2	0	90	9	553442	500	500	9000	5	0	50	0	0	0	5	5	103	500000	0	3	1	0	1	1	0	icon_guaiwu_8	10							
4000178	护卫首领	203304	2	3	0	90	22	553442	500	500	9000	5	0	100	0	0	0	5	5	103	500000	0	3	1	0	1	1	0	icon_guaiwu_19	10							
4000179	野狼	203607	2	1	0	92	2	563340	500	500	9000	5	0	0	0	0	0	5	5	103	500000	0	3	1	0	1	1	0	icon_guaiwu_30	10							
4000180	石俑	203623	2	2	0	92	9	563340	500	500	9000	5	0	10000	0	0	0	5	5	103	500000	0	3	1	0	1	1	0	icon_guaiwu_21	10							
4000181	野狼首领	203620	2	3	0	92	22	563340	500	500	9000	5	0	100	0	0	0	5	5	103	500000	0	3	1	0	1	1	0	icon_guaiwu_30	10							
4000182	斧石俑	203405	2	1	0	94	9	578252	500	500	9000	5	0	10000	0	0	0	5	5	103	500000	0	3	1	0	1	1	0	icon_guaiwu_21	10							
4000183	斧石俑	203405	2	2	0	94	16	578252	500	500	9000	5	0	10000	0	0	0	5	5	103	500000	0	3	1	0	1	1	0	icon_guaiwu_21	10							
4000184	石俑统帅	203624	2	3	0	94	22	578252	500	500	9000	5	0	100	0	0	0	5	5	103	500000	0	3	1	0	1	1	0	icon_guaiwu_21	10							
4000185	神秘士兵	203100	2	1	0	96	2	586773	500	500	9000	5	0	0	0	0	0	10	5	103	500000	0	1	1	0	1	1	0	icon_guaiwu_29	0							
4000186	神秘士兵	203101	2	2	0	96	9	586773	500	500	9000	5	0	50	0	0	0	5	5	103	500000	0	3	1	0	1	1	0	icon_guaiwu_29	10							
4000187	神秘将军	203102	2	3	0	96	22	586773	500	500	9000	5	0	100	0	0	0	5	5	201	501002;502002	0	3	1	0	1	1	0	icon_guaiwu_29	10							
4000188	地宫之王	201003	2	1	0	98	2	596042	500	500	9000	5	0	100	0	0	0	10	5	103	500000	0	1	1	0	1	1	0	icon_guaiwu_12	0							
4000189	地宫之王	201003	2	2	0	98	9	596042	500	500	9000	5	0	100	0	0	0	5	5	103	500000	0	3	1	0	1	1	0	icon_guaiwu_12	10							
4000190	地宫之王	201003	2	3	0	98	106	596042	500	500	9000	5	0	100	0	0	0	5	5	201	501001;502001	0	3	1	0	1	1	0	icon_guaiwu_12	10							
4000191	神秘侠士	203306	2	1	0	100	2	681271	500	500	9000	5	0	0	0	0	0	10	5	103	500000	0	1	1	0	1	1	0	icon_guaiwu_7	0							
4000192	神秘侠士	203307	2	2	0	100	9	681271	500	500	9000	5	0	50	0	0	0	5	5	103	500000	0	3	1	0	1	1	0	icon_guaiwu_7	10							
4000193	神秘侠客	203301	2	3	0	100	22	681271	500	500	9000	5	0	100	0	0	0	5	5	103	500000	0	3	1	0	1	1	0	icon_guaiwu_7	10							
4000194	野猴	203608	2	1	0	102	2	690435	500	500	9000	5	0	0	0	0	0	10	5	103	500000	0	1	1	0	1	1	0	icon_guaiwu_30	0							
4000195	石俑	203623	2	2	0	102	9	690435	500	500	9000	5	0	10000	0	0	0	5	5	103	500000	0	3	1	0	1	1	0	icon_guaiwu_21	10							
4000196	野猴首领	203617	2	3	0	102	22	690435	500	500	9000	5	0	100	0	0	0	5	5	103	500000	0	3	1	0	1	1	0	icon_guaiwu_30	10							
4000197	机关兽	203600	2	1	0	104	9	699668	500	500	9000	5	0	10000	0	0	0	10	5	103	500000	0	1	1	0	1	1	0	icon_guaiwu_30	0							
4000198	机关兽	203600	2	2	0	104	16	699668	500	500	9000	5	0	10000	0	0	0	5	5	103	500000	0	3	1	0	1	1	0	icon_guaiwu_30	10							
4000199	鼎奴	203402	2	3	0	104	22	699668	500	500	9000	5	0	100	0	0	0	5	5	103	500000	0	3	1	0	1	1	0	icon_guaiwu_21	10							
4000200	山贼	203000	2	1	0	106	2	715949	500	500	9000	5	0	0	0	0	0	10	5	103	500000	0	1	1	0	1	1	0	icon_guaiwu_8	0							
4000201	山贼头目	203001	2	2	0	106	9	715949	500	500	9000	5	0	50	0	0	0	5	5	103	500000	0	3	1	0	1	1	0	icon_guaiwu_8	10							
4000202	神秘侠客	203313	2	3	0	106	22	715949	500	500	9000	5	0	100	0	0	0	5	5	202	510001;520001	0	3	1	0	1	1	0	icon_guaiwu_8	10							
4000203	神秘巨兽	201005	2	1	0	108	2	742064	500	500	9000	5	0	100	0	0	0	10	5	103	500000	0	1	1	0	1	1	0	icon_guaiwu_30	0							
4000204	神秘巨兽	201005	2	2	0	108	9	742064	500	500	9000	5	0	100	0	0	0	5	5	103	500000	0	3	1	0	1	1	0	icon_guaiwu_30	10							
4000205	神秘巨兽	201005	2	3	0	108	106	742064	500	500	9000	5	0	100	0	0	0	5	5	201	501001;502001	0	3	1	0	1	1	0	icon_guaiwu_30	10							
4000206	单刀兵	203612	2	1	0	110	2	836569	500	500	9000	5	0	0	0	0	0	10	5	103	500000	0	2	1	0	1	1	0	icon_guaiwu_30	0							
4000207	双斧兵	203612	2	2	0	110	9	836569	500	500	9000	5	0	50	0	0	0	5	5	103	500000	0	3	1	0	1	1	0	icon_guaiwu_30	10							
4000208	双锤将	203618	2	3	0	110	22	836569	500	500	9000	5	0	100	0	0	0	5	5	103	500000	0	3	1	0	1	1	0	icon_guaiwu_30	10							
4000209	野蜂	203108	2	1	0	112	2	855369	500	500	9000	5	0	0	0	0	0	5	5	103	500000	0	3	1	0	1	1	0	icon_guaiwu_16	10							
4000210	石俑	203623	2	2	0	112	9	855369	500	500	9000	5	0	10000	0	0	0	5	5	103	500000	0	3	1	0	1	1	0	icon_guaiwu_21	10							
4000211	野蜂首领	203618	2	3	0	112	22	855369	500	500	9000	5	0	100	0	0	0	5	5	103	500000	0	3	1	0	1	1	0	icon_guaiwu_30	10							
4000212	小枪俑	203407	2	1	0	114	9	901772	500	500	9000	5	0	10000	0	0	0	5	5	103	500000	0	3	1	0	1	1	0	icon_guaiwu_21	10							
4000213	小枪俑	203407	2	2	0	114	16	901772	500	500	9000	5	0	10000	0	0	0	5	5	103	500000	0	3	1	0	1	1	0	icon_guaiwu_21	10							
4000214	斧奴	203405	2	3	0	114	22	901772	500	500	9000	5	0	100	0	0	0	5	5	103	500000	0	3	1	0	1	1	0	icon_guaiwu_21	10							
4000215	侍女	203501	2	1	0	116	2	916406	500	500	9000	5	0	0	0	0	0	5	5	103	500000	0	3	1	0	1	1	0	icon_guaiwu_23	10							
4000216	药奴	203404	2	2	0	116	9	916406	500	500	9000	5	0	50	0	0	0	5	5	103	500000	0	3	1	0	1	1	0	icon_guaiwu_18	10							
4000217	药奴首领	203625	2	3	0	116	22	916406	500	500	9000	5	0	100	0	0	0	5	5	103	500000	0	3	1	0	1	1	0	icon_guaiwu_18	10							
4000218	神秘人	201004	2	1	0	118	2	962041	500	500	9000	5	0	100	0	0	0	5	5	103	500000	0	3	1	0	1	1	0	icon_guaiwu_10	10							
4000219	神秘人	201004	2	2	0	118	9	962041	500	500	9000	5	0	100	0	0	0	5	5	103	500000	0	3	1	0	1	1	0	icon_guaiwu_10	10							
4000220	神秘人	201004	2	3	0	118	106	962041	500	500	9000	5	0	100	0	0	0	5	5	201	501001;502001	0	3	1	0	1	1	0	icon_guaiwu_10	10							
4000221	山贼	203000	2	1	0	120	2	1023070	500	500	9000	5	0	0	0	0	0	10	5	103	500000	0	2	1	0	1	1	0	icon_guaiwu_8	0							
4000222	山贼头目	203001	2	2	0	120	9	1023070	500	500	9000	5	0	50	0	0	0	5	5	103	500000	0	3	1	0	1	1	0	icon_guaiwu_8	10							
4000223	山贼首领	203304	2	3	0	120	22	1023070	500	500	9000	5	0	100	0	0	0	5	5	103	500000	0	3	1	0	1	1	0	icon_guaiwu_19	10							
4000224	野猪	203603	2	1	0	122	2	1074691	500	500	9000	5	0	0	0	0	0	10	5	103	500000	0	2	1	0	1	1	0	icon_guaiwu_30	0							
4000225	石俑	203623	2	2	0	122	9	1074691	500	500	9000	5	0	10000	0	0	0	5	5	103	500000	0	3	1	0	1	1	0	icon_guaiwu_21	10							
4000226	野猪首领	203626	2	3	0	122	22	1074691	500	500	9000	5	0	100	0	0	0	5	5	103	500000	0	3	1	0	1	1	0	icon_guaiwu_30	10							
4000227	机关兽	203600	2	1	0	124	9	1099622	500	500	9000	5	0	10000	0	0	0	10	5	103	500000	0	2	1	0	1	1	0	icon_guaiwu_30	0							
4000228	石俑	203623	2	2	0	124	16	1099622	500	500	9000	5	0	10000	0	0	0	5	5	103	500000	0	3	1	0	1	1	0	icon_guaiwu_21	10							
4000229	机关首领	203619	2	3	0	124	22	1099622	500	500	9000	5	0	100	0	0	0	5	5	103	500000	0	3	1	0	1	1	0	icon_guaiwu_30	10							
4000230	单刀兵	203108	2	1	0	126	2	1154102	500	500	9000	5	0	0	0	0	0	5	5	103	500000	0	3	1	0	1	1	0	icon_guaiwu_16	10							
4000231	双斧兵	203106	2	2	0	126	9	1154102	500	500	9000	5	0	50	0	0	0	5	5	103	500000	0	3	1	0	1	1	0	icon_guaiwu_16	10							
4000232	双锤将	203627	2	3	0	126	22	1154102	500	500	9000	5	0	100	0	0	0	5	5	103	500000	0	3	1	0	1	1	0	icon_guaiwu_16	10							
4000233	铁臂	203401	2	1	0	128	2	1168572	500	500	9000	5	0	100	0	0	0	5	5	103	500000	0	3	1	0	1	1	0	icon_guaiwu_2	10							
4000234	铁臂	203401	2	2	0	128	9	1168572	500	500	9000	5	0	100	0	0	0	5	5	103	500000	0	3	1	0	1	1	0	icon_guaiwu_2	10							
4000235	铁臂	203401	2	3	0	128	106	1168572	500	500	9000	5	0	100	0	0	0	5	5	201	501001;502001	0	3	1	0	1	1	0	icon_guaiwu_2	10							
4000236	护卫	203003	2	1	0	130	2	1210313	500	500	9000	5	0	0	0	0	0	10	5	103	500000	0	1	1	0	1	1	0	icon_guaiwu_8	0							
4000237	护卫长	203004	2	2	0	130	9	1210313	500	500	9000	5	0	50	0	0	0	5	5	103	500000	0	3	1	0	1	1	0	icon_guaiwu_8	10							
4000238	护卫首领	203304	2	3	0	130	22	1210313	500	500	9000	5	0	100	0	0	0	5	5	103	500000	0	3	1	0	1	1	0	icon_guaiwu_19	10							
4000239	野狼	203607	2	1	0	132	2	1227612	500	500	9000	5	0	0	0	0	0	10	5	103	500000	0	1	1	0	1	1	0	icon_guaiwu_30	0							
4000240	石俑	203623	2	2	0	132	9	1227612	500	500	9000	5	0	10000	0	0	0	5	5	103	500000	0	3	1	0	1	1	0	icon_guaiwu_21	10							
4000241	野狼首领	203620	2	3	0	132	22	1227612	500	500	9000	5	0	100	0	0	0	5	5	103	500000	0	3	1	0	1	1	0	icon_guaiwu_30	10							
4000242	斧石俑	203405	2	1	0	134	9	1241334	500	500	9000	5	0	10000	0	0	0	10	5	103	500000	0	1	1	0	1	1	0	icon_guaiwu_21	0							
4000243	斧石俑	203405	2	2	0	134	16	1241334	500	500	9000	5	0	10000	0	0	0	5	5	103	500000	0	3	1	0	1	1	0	icon_guaiwu_21	10							
4000244	石俑统帅	203624	2	3	0	134	22	1241334	500	500	9000	5	0	100	0	0	0	5	5	103	500000	0	3	1	0	1	1	0	icon_guaiwu_21	10							
4000245	神秘士兵	203100	2	1	0	136	2	1264887	500	500	9000	5	0	0	0	0	0	10	5	103	500000	0	1	1	0	1	1	0	icon_guaiwu_29	0							
4000246	神秘士兵	203101	2	2	0	136	9	1264887	500	500	9000	5	0	50	0	0	0	5	5	103	500000	0	3	1	0	1	1	0	icon_guaiwu_29	10							
4000247	神秘将军	203102	2	3	0	136	22	1264887	500	500	9000	5	0	100	0	0	0	5	5	201	501002;502002	0	3	1	0	1	1	0	icon_guaiwu_29	10							
4000248	假裁缝	201006	2	1	0	138	2	1278781	500	500	9000	5	0	100	0	0	0	10	5	103	500000	0	1	1	0	1	1	0	icon_guaiwu_1	0							
4000249	假裁缝	201006	2	2	0	138	9	1278781	500	500	9000	5	0	100	0	0	0	5	5	103	500000	0	3	1	0	1	1	0	icon_guaiwu_1	10							
4000250	假裁缝	201006	2	3	0	138	106	1278781	500	500	9000	5	0	100	0	0	0	5	5	201	501001;502001	0	3	1	0	1	1	0	icon_guaiwu_1	10							
4000251	神秘侠士	203306	2	1	0	140	2	1357430	500	500	9000	5	0	0	0	0	0	10	5	103	500000	0	1	1	0	1	1	0	icon_guaiwu_7	0							
4000252	神秘侠士	203307	2	2	0	140	9	1357430	500	500	9000	5	0	50	0	0	0	5	5	103	500000	0	3	1	0	1	1	0	icon_guaiwu_7	10							
4000253	神秘侠客	203301	2	3	0	140	22	1357430	500	500	9000	5	0	100	0	0	0	5	5	103	500000	0	3	1	0	1	1	0	icon_guaiwu_7	10							
4000254	野猴	203608	2	1	0	142	2	1431605	500	500	9000	5	0	0	0	0	0	10	5	103	500000	0	1	1	0	1	1	0	icon_guaiwu_30	0							
4000255	石俑	203623	2	2	0	142	9	1431605	500	500	9000	5	0	10000	0	0	0	5	5	103	500000	0	3	1	0	1	1	0	icon_guaiwu_21	10							
4000256	野猴首领	203617	2	3	0	142	22	1431605	500	500	9000	5	0	100	0	0	0	5	5	103	500000	0	3	1	0	1	1	0	icon_guaiwu_30	10							
4000257	机关兽	203600	2	1	0	144	9	1447563	500	500	9000	5	0	10000	0	0	0	10	5	103	500000	0	2	1	0	1	1	0	icon_guaiwu_30	0							
4000258	机关兽	203600	2	2	0	144	16	1447563	500	500	9000	5	0	10000	0	0	0	5	5	103	500000	0	3	1	0	1	1	0	icon_guaiwu_30	10							
4000259	鼎奴	203402	2	3	0	144	22	1447563	500	500	9000	5	0	100	0	0	0	5	5	103	500000	0	3	1	0	1	1	0	icon_guaiwu_21	10							
4000260	山贼	203000	2	1	0	146	2	1495976	500	500	9000	5	0	0	0	0	0	5	5	103	500000	0	3	1	0	1	1	0	icon_guaiwu_8	10							
4000261	山贼头目	203001	2	2	0	146	9	1495976	500	500	9000	5	0	50	0	0	0	5	5	103	500000	0	3	1	0	1	1	0	icon_guaiwu_8	10							
4000262	神秘侠客	203313	2	3	0	146	22	1495976	500	500	9000	5	0	100	0	0	0	5	5	202	510001;520001	0	3	1	0	1	1	0	icon_guaiwu_8	10							
4000263	利爪燕三	203400	2	1	0	148	2	1526234	500	500	9000	5	0	100	0	0	0	5	5	103	500000	0	3	1	0	1	1	0	icon_guaiwu_8	10							
4000264	利爪燕三	203400	2	2	0	148	9	1526234	500	500	9000	5	0	100	0	0	0	5	5	103	500000	0	3	1	0	1	1	0	icon_guaiwu_8	10							
4000265	利爪燕三	203400	2	3	0	148	106	1526234	500	500	9000	5	0	100	0	0	0	5	5	304	501001;502001;502004	0	3	1	0	1	1	0	icon_guaiwu_8	10							
4000266	单刀兵	203612	2	1	0	150	2	1631087	500	500	9000	5	0	0	0	0	0	5	5	103	500000	0	3	1	0	1	1	0	icon_guaiwu_30	10							
4000267	双斧兵	203612	2	2	0	150	9	1631087	500	500	9000	5	0	50	0	0	0	5	5	103	500000	0	3	1	0	1	1	0	icon_guaiwu_30	10							
4000268	双锤将	203618	2	3	0	150	22	1631087	500	500	9000	5	0	100	0	0	0	5	5	103	500000	0	3	1	0	1	1	0	icon_guaiwu_30	10							
4000269	野蜂	203108	2	1	0	152	2	1760928	500	500	9000	5	0	0	0	0	0	5	5	103	500000	0	3	1	0	1	1	0	icon_guaiwu_16	10							
4000270	石俑	203623	2	2	0	152	9	1760928	500	500	9000	5	0	10000	0	0	0	5	5	103	500000	0	3	1	0	1	1	0	icon_guaiwu_21	10							
4000271	野蜂首领	203618	2	3	0	152	22	1760928	500	500	9000	5	0	100	0	0	0	5	5	103	500000	0	3	1	0	1	1	0	icon_guaiwu_30	10							
4000272	小枪俑	203407	2	1	0	154	9	1788836	500	500	9000	5	0	10000	0	0	0	10	5	103	500000	0	2	1	0	1	1	0	icon_guaiwu_21	0							
4000273	小枪俑	203407	2	2	0	154	16	1788836	500	500	9000	5	0	10000	0	0	0	5	5	103	500000	0	3	1	0	1	1	0	icon_guaiwu_21	10							
4000274	斧奴	203405	2	3	0	154	22	1788836	500	500	9000	5	0	100	0	0	0	5	5	103	500000	0	3	1	0	1	1	0	icon_guaiwu_21	10							
4000275	侍女	203501	2	1	0	156	2	1810644	500	500	9000	5	0	0	0	0	0	10	5	103	500000	0	2	1	0	1	1	0	icon_guaiwu_23	0							
4000276	药奴	203404	2	2	0	156	9	1810644	500	500	9000	5	0	50	0	0	0	5	5	103	500000	0	3	1	0	1	1	0	icon_guaiwu_18	10							
4000277	药奴首领	203625	2	3	0	156	22	1810644	500	500	9000	5	0	100	0	0	0	5	5	103	500000	0	3	1	0	1	1	0	icon_guaiwu_18	10							
4000278	叶双刀	201007	2	1	0	158	2	1828566	500	500	9000	5	0	100	0	0	0	10	5	103	500000	0	2	1	0	1	1	0	icon_guaiwu_26	0							
4000279	叶双刀	201007	2	2	0	158	9	1828566	500	500	9000	5	0	100	0	0	0	5	5	103	500000	0	3	1	0	1	1	0	icon_guaiwu_26	10							
4000280	叶双刀	201007	2	3	0	158	106	1828566	500	500	9000	5	0	100	0	0	0	5	5	201	501001;502001	0	3	1	0	1	1	0	icon_guaiwu_26	10							
4000281	山贼	203000	2	1	0	160	2	1857004	500	500	9000	5	0	0	0	0	0	5	5	103	500000	0	3	1	0	1	1	0	icon_guaiwu_8	10							
4000282	山贼头目	203001	2	2	0	160	9	1857004	500	500	9000	5	0	50	0	0	0	5	5	103	500000	0	3	1	0	1	1	0	icon_guaiwu_8	10							
4000283	山贼首领	203304	2	3	0	160	22	1857004	500	500	9000	5	0	100	0	0	0	5	5	103	500000	0	3	1	0	1	1	0	icon_guaiwu_19	10							
4000284	野猪	203603	2	1	0	162	2	1954191	500	500	9000	5	0	0	0	0	0	5	5	103	500000	0	3	1	0	1	1	0	icon_guaiwu_30	10							
4000285	石俑	203623	2	2	0	162	9	1954191	500	500	9000	5	0	10000	0	0	0	5	5	103	500000	0	3	1	0	1	1	0	icon_guaiwu_21	10							
4000286	野猪首领	203626	2	3	0	162	22	1954191	500	500	9000	5	0	100	0	0	0	5	5	103	500000	0	3	1	0	1	1	0	icon_guaiwu_30	10							
4000287	机关兽	203600	2	1	0	164	9	1976522	500	500	9000	5	0	10000	0	0	0	10	5	103	500000	0	1	1	0	1	1	0	icon_guaiwu_30	0							
4000288	石俑	203623	2	2	0	164	16	1976522	500	500	9000	5	0	10000	0	0	0	5	5	103	500000	0	3	1	0	1	1	0	icon_guaiwu_21	10							
4000289	机关首领	203619	2	3	0	164	22	1976522	500	500	9000	5	0	100	0	0	0	5	5	103	500000	0	3	1	0	1	1	0	icon_guaiwu_30	10							
4000290	单刀兵	203108	2	1	0	166	2	2005558	500	500	9000	5	0	0	0	0	0	10	5	103	500000	0	1	1	0	1	1	0	icon_guaiwu_16	0							
4000291	双斧兵	203106	2	2	0	166	9	2005558	500	500	9000	5	0	50	0	0	0	5	5	103	500000	0	3	1	0	1	1	0	icon_guaiwu_16	10							
4000292	双锤将	203627	2	3	0	166	22	2005558	500	500	9000	5	0	100	0	0	0	5	5	103	500000	0	3	1	0	1	1	0	icon_guaiwu_16	10							
4000293	神秘巨兽	201005	2	1	0	168	2	2022686	500	500	9000	5	0	100	0	0	0	10	5	103	500000	0	1	1	0	1	1	0	icon_guaiwu_30	0							
4000294	神秘巨兽	201005	2	2	0	168	9	2022686	500	500	9000	5	0	100	0	0	0	5	5	103	500000	0	3	1	0	1	1	0	icon_guaiwu_30	10							
4000295	神秘巨兽	201005	2	3	0	168	106	2022686	500	500	9000	5	0	100	0	0	0	5	5	201	501001;502001	0	3	1	0	1	1	0	icon_guaiwu_30	10							
4000296	护卫	203003	2	1	0	170	2	2084554	500	500	9000	5	0	0	0	0	0	10	5	103	500000	0	1	1	0	1	1	0	icon_guaiwu_8	0							
4000297	护卫长	203004	2	2	0	170	9	2084554	500	500	9000	5	0	50	0	0	0	5	5	103	500000	0	3	1	0	1	1	0	icon_guaiwu_8	10							
4000298	护卫首领	203304	2	3	0	170	22	2084554	500	500	9000	5	0	100	0	0	0	5	5	103	500000	0	3	1	0	1	1	0	icon_guaiwu_19	10							
4000299	野狼	203607	2	1	0	172	2	2120027	500	500	9000	5	0	0	0	0	0	10	5	103	500000	0	1	1	0	1	1	0	icon_guaiwu_30	0							
4000300	石俑	203623	2	2	0	172	9	2120027	500	500	9000	5	0	10000	0	0	0	5	5	103	500000	0	3	1	0	1	1	0	icon_guaiwu_21	10							
4000301	野狼首领	203620	2	3	0	172	22	2120027	500	500	9000	5	0	100	0	0	0	5	5	103	500000	0	3	1	0	1	1	0	icon_guaiwu_30	10							
4000302	斧石俑	203405	2	1	0	174	9	2138987	500	500	9000	5	0	10000	0	0	0	10	5	103	500000	0	1	1	0	1	1	0	icon_guaiwu_21	0							
4000303	斧石俑	203405	2	2	0	174	16	2138987	500	500	9000	5	0	10000	0	0	0	5	5	103	500000	0	3	1	0	1	1	0	icon_guaiwu_21	10							
4000304	石俑统帅	203624	2	3	0	174	22	2138987	500	500	9000	5	0	100	0	0	0	5	5	103	500000	0	3	1	0	1	1	0	icon_guaiwu_21	10							
4000305	神秘士兵	203100	2	1	0	176	2	2206079	500	500	9000	5	0	0	0	0	0	10	5	103	500000	0	1	1	0	1	1	0	icon_guaiwu_29	0							
4000306	神秘士兵	203101	2	2	0	176	9	2206079	500	500	9000	5	0	50	0	0	0	5	5	103	500000	0	3	1	0	1	1	0	icon_guaiwu_29	10							
4000307	神秘将军	203102	2	3	0	176	22	2206079	500	500	9000	5	0	100	0	0	0	5	5	201	501002;502002	0	3	1	0	1	1	0	icon_guaiwu_29	10							
4000308	铁面侠	201000	2	1	0	178	2	2236768	500	500	9000	5	0	100	0	0	0	10	5	103	500000	0	2	1	0	1	1	0	icon_boss	0							
4000309	铁面侠	201000	2	2	0	178	9	2236768	500	500	9000	5	0	100	0	0	0	5	5	103	500000	0	3	1	0	1	1	0	icon_boss	10							
4000310	铁面侠	201000	2	3	0	178	106	2236768	500	500	9000	5	0	100	0	0	0	5	5	303	510001;520001;520004;520007	0	3	1	0	1	1	0	icon_boss	10							
4000311	神秘侠士	203306	2	1	0	180	2	2373500	500	500	9000	5	0	0	0	0	0	5	5	103	500000	0	3	1	0	1	1	0	icon_guaiwu_7	10							
4000312	神秘侠士	203307	2	2	0	180	9	2373500	500	500	9000	5	0	50	0	0	0	5	5	103	500000	0	3	1	0	1	1	0	icon_guaiwu_7	10							
4000313	神秘侠客	203301	2	3	0	180	22	2373500	500	500	9000	5	0	100	0	0	0	5	5	103	500000	0	3	1	0	1	1	0	icon_guaiwu_7	10							
4000314	野猴	203608	2	1	0	182	2	2403864	500	500	9000	5	0	0	0	0	0	5	5	103	500000	0	3	1	0	1	1	0	icon_guaiwu_30	10							
4000315	石俑	203623	2	2	0	182	9	2403864	500	500	9000	5	0	10000	0	0	0	5	5	103	500000	0	3	1	0	1	1	0	icon_guaiwu_21	10							
4000316	野猴首领	203617	2	3	0	182	22	2403864	500	500	9000	5	0	100	0	0	0	5	5	103	500000	0	3	1	0	1	1	0	icon_guaiwu_30	10							
4000317	机关兽	203600	2	1	0	184	9	2435352	500	500	9000	5	0	10000	0	0	0	5	5	103	500000	0	3	1	0	1	1	0	icon_guaiwu_30	10							
4000318	机关兽	203600	2	2	0	184	16	2435352	500	500	9000	5	0	10000	0	0	0	5	5	103	500000	0	3	1	0	1	1	0	icon_guaiwu_30	10							
4000319	鼎奴	203402	2	3	0	184	22	2435352	500	500	9000	5	0	100	0	0	0	5	5	103	500000	0	3	1	0	1	1	0	icon_guaiwu_21	10							
4000320	山贼	203000	2	1	0	186	2	2453633	500	500	9000	5	0	0	0	0	0	5	5	103	500000	0	3	1	0	1	1	0	icon_guaiwu_8	10							
4000321	山贼头目	203001	2	2	0	186	9	2453633	500	500	9000	5	0	50	0	0	0	5	5	103	500000	0	3	1	0	1	1	0	icon_guaiwu_8	10							
4000322	神秘侠客	203313	2	3	0	186	22	2453633	500	500	9000	5	0	100	0	0	0	5	5	202	510001;520001	0	3	1	0	1	1	0	icon_guaiwu_8	10							
4000323	牛头妖	201001	2	1	0	188	2	2479846	500	500	9000	5	0	100	0	0	0	10	5	103	500000	0	2	1	0	1	1	0	icon_guaiwu_9	0							
4000324	牛头妖	201001	2	2	0	188	9	2479846	500	500	9000	5	0	100	0	0	0	5	5	103	500000	0	3	1	0	1	1	0	icon_guaiwu_9	10							
4000325	牛头妖	201001	2	3	0	188	106	2479846	500	500	9000	5	0	100	0	0	0	5	5	201	501001;502001	0	3	1	0	1	1	0	icon_guaiwu_9	10							
4000326	单刀兵	203612	2	1	0	190	2	2551741	500	500	9000	5	0	0	0	0	0	10	5	103	500000	0	2	1	0	1	1	0	icon_guaiwu_30	0							
4000327	双斧兵	203612	2	2	0	190	9	2551741	500	500	9000	5	0	50	0	0	0	5	5	103	500000	0	3	1	0	1	1	0	icon_guaiwu_30	10							
4000328	双锤将	203618	2	3	0	190	22	2551741	500	500	9000	5	0	100	0	0	0	5	5	103	500000	0	3	1	0	1	1	0	icon_guaiwu_30	10							
4000329	野蜂	203108	2	1	0	192	2	2570256	500	500	9000	5	0	0	0	0	0	10	5	103	500000	0	2	1	0	1	1	0	icon_guaiwu_16	0							
4000330	石俑	203623	2	2	0	192	9	2570256	500	500	9000	5	0	10000	0	0	0	5	5	103	500000	0	3	1	0	1	1	0	icon_guaiwu_21	10							
4000331	野蜂首领	203618	2	3	0	192	22	2570256	500	500	9000	5	0	100	0	0	0	5	5	103	500000	0	3	1	0	1	1	0	icon_guaiwu_30	10							
4000332	小枪俑	203407	2	1	0	194	9	2588829	500	500	9000	5	0	10000	0	0	0	5	5	103	500000	0	3	1	0	1	1	0	icon_guaiwu_21	10							
4000333	小枪俑	203407	2	2	0	194	16	2588829	500	500	9000	5	0	10000	0	0	0	5	5	103	500000	0	3	1	0	1	1	0	icon_guaiwu_21	10							
4000334	斧奴	203405	2	3	0	194	22	2588829	500	500	9000	5	0	100	0	0	0	5	5	103	500000	0	3	1	0	1	1	0	icon_guaiwu_21	10							
4000335	侍女	203501	2	1	0	196	2	2627958	500	500	9000	5	0	0	0	0	0	5	5	103	500000	0	3	1	0	1	1	0	icon_guaiwu_23	10							
4000336	药奴	203404	2	2	0	196	9	2627958	500	500	9000	5	0	50	0	0	0	5	5	103	500000	0	3	1	0	1	1	0	icon_guaiwu_18	10							
4000337	药奴首领	203625	2	3	0	196	22	2627958	500	500	9000	5	0	100	0	0	0	5	5	103	500000	0	3	1	0	1	1	0	icon_guaiwu_18	10							
4000338	剑奴	201002	2	1	0	198	2	2646714	500	500	9000	5	0	100	0	0	0	10	5	103	500000	0	1	1	0	1	1	0	icon_guaiwu_27	0							
4000339	剑奴	201002	2	2	0	198	9	2646714	500	500	9000	5	0	100	0	0	0	5	5	103	500000	0	3	1	0	1	1	0	icon_guaiwu_27	10							
4000340	剑奴	201002	2	3	0	198	106	2646714	500	500	9000	5	0	100	0	0	0	5	5	306	510001;520001;520004	0	3	1	0	1	1	0	icon_guaiwu_27	10							
4000341	山贼	203000	2	1	0	200	2	2682813	500	500	9000	5	0	0	0	0	0	10	5	103	500000	0	1	1	0	1	1	0	icon_guaiwu_8	0							
4000342	山贼头目	203001	2	2	0	200	9	2682813	500	500	9000	5	0	50	0	0	0	5	5	103	500000	0	3	1	0	1	1	0	icon_guaiwu_8	10							
4000343	山贼首领	203304	2	3	0	200	22	2682813	500	500	9000	5	0	100	0	0	0	5	5	103	500000	0	3	1	0	1	1	0	icon_guaiwu_19	10							
4000344	野猪	203603	2	1	0	202	2	2716467	500	500	9000	5	0	0	0	0	0	10	5	103	500000	0	1	1	0	1	1	0	icon_guaiwu_30	0							
4000345	石俑	203623	2	2	0	202	9	2716467	500	500	9000	5	0	10000	0	0	0	5	5	103	500000	0	3	1	0	1	1	0	icon_guaiwu_21	10							
4000346	野猪首领	203626	2	3	0	202	22	2716467	500	500	9000	5	0	100	0	0	0	5	5	103	500000	0	3	1	0	1	1	0	icon_guaiwu_30	10							
4000347	机关兽	203600	2	1	0	204	9	2805726	500	500	9000	5	0	10000	0	0	0	10	5	103	500000	0	1	1	0	1	1	0	icon_guaiwu_30	0							
4000348	石俑	203623	2	2	0	204	16	2805726	500	500	9000	5	0	10000	0	0	0	5	5	103	500000	0	3	1	0	1	1	0	icon_guaiwu_21	10							
4000349	机关首领	203619	2	3	0	204	22	2805726	500	500	9000	5	0	100	0	0	0	5	5	103	500000	0	3	1	0	1	1	0	icon_guaiwu_30	10							
4000350	单刀兵	203108	2	1	0	206	2	2824978	500	500	9000	5	0	0	0	0	0	10	5	103	500000	0	1	1	0	1	1	0	icon_guaiwu_16	0							
4000351	双斧兵	203106	2	2	0	206	9	2824978	500	500	9000	5	0	50	0	0	0	5	5	103	500000	0	3	1	0	1	1	0	icon_guaiwu_16	10							
4000352	双锤将	203627	2	3	0	206	22	2824978	500	500	9000	5	0	100	0	0	0	5	5	103	500000	0	3	1	0	1	1	0	icon_guaiwu_16	10							
4000353	铁臂	203401	2	1	0	208	2	2859425	500	500	9000	5	0	100	0	0	0	10	5	103	500000	0	1	1	0	1	1	0	icon_guaiwu_2	0							
4000354	铁臂	203401	2	2	0	208	9	2859425	500	500	9000	5	0	100	0	0	0	5	5	103	500000	0	3	1	0	1	1	0	icon_guaiwu_2	10							
4000355	铁臂	203401	2	3	0	208	106	2859425	500	500	9000	5	0	100	0	0	0	5	5	201	501001;502001	0	3	1	0	1	1	0	icon_guaiwu_2	10							
4000356	护卫	203003	2	1	0	210	2	2953334	500	500	9000	5	0	0	0	0	0	10	5	103	500000	0	1	1	0	1	1	0	icon_guaiwu_8	0							
4000357	护卫长	203004	2	2	0	210	9	2953334	500	500	9000	5	0	50	0	0	0	5	5	103	500000	0	3	1	0	1	1	0	icon_guaiwu_8	10							
4000358	护卫首领	203304	2	3	0	210	22	2953334	500	500	9000	5	0	100	0	0	0	5	5	103	500000	0	3	1	0	1	1	0	icon_guaiwu_19	10							
4000359	野狼	203607	2	1	0	212	2	3246130	500	500	9000	5	0	0	0	0	0	10	5	103	500000	0	2	1	0	1	1	0	icon_guaiwu_30	0							
4000360	石俑	203623	2	2	0	212	9	3246130	500	500	9000	5	0	10000	0	0	0	5	5	103	500000	0	3	1	0	1	1	0	icon_guaiwu_21	10							
4000361	野狼首领	203620	2	3	0	212	22	3246130	500	500	9000	5	0	100	0	0	0	5	5	103	500000	0	3	1	0	1	1	0	icon_guaiwu_30	10							
4000362	斧石俑	203405	2	1	0	214	9	3284350	500	500	9000	5	0	10000	0	0	0	5	5	103	500000	0	3	1	0	1	1	0	icon_guaiwu_21	10							
4000363	斧石俑	203405	2	2	0	214	16	3284350	500	500	9000	5	0	10000	0	0	0	5	5	103	500000	0	3	1	0	1	1	0	icon_guaiwu_21	10							
4000364	石俑统帅	203624	2	3	0	214	22	3284350	500	500	9000	5	0	100	0	0	0	5	5	103	500000	0	3	1	0	1	1	0	icon_guaiwu_21	10							
4000365	神秘士兵	203100	2	1	0	216	2	3306593	500	500	9000	5	0	0	0	0	0	5	5	103	500000	0	3	1	0	1	1	0	icon_guaiwu_29	10							
4000366	神秘士兵	203101	2	2	0	216	9	3306593	500	500	9000	5	0	50	0	0	0	5	5	103	500000	0	3	1	0	1	1	0	icon_guaiwu_29	10							
4000367	神秘将军	203102	2	3	0	216	22	3306593	500	500	9000	5	0	100	0	0	0	5	5	201	501002;502002	0	3	1	0	1	1	0	icon_guaiwu_29	10							
4000368	神秘人	201004	2	1	0	218	2	3330795	500	500	9000	5	0	100	0	0	0	5	5	103	500000	0	3	1	0	1	1	0	icon_guaiwu_10	10							
4000369	神秘人	201004	2	2	0	218	9	3330795	500	500	9000	5	0	100	0	0	0	5	5	103	500000	0	3	1	0	1	1	0	icon_guaiwu_10	10							
4000370	神秘人	201004	2	3	0	218	106	3330795	500	500	9000	5	0	100	0	0	0	5	5	201	501001;502001	0	3	1	0	1	1	0	icon_guaiwu_10	10							
4000371	神秘侠士	203306	2	1	0	220	2	3507918	500	500	9000	5	0	0	0	0	0	5	5	103	500000	0	3	1	0	1	1	0	icon_guaiwu_7	10							
4000372	神秘侠士	203307	2	2	0	220	9	3507918	500	500	9000	5	0	50	0	0	0	5	5	103	500000	0	3	1	0	1	1	0	icon_guaiwu_7	10							
4000373	神秘侠客	203301	2	3	0	220	22	3507918	500	500	9000	5	0	100	0	0	0	5	5	103	500000	0	3	1	0	1	1	0	icon_guaiwu_7	10							
4000374	野猴	203608	2	1	0	222	2	3530405	500	500	9000	5	0	0	0	0	0	10	5	103	500000	0	2	1	0	1	1	0	icon_guaiwu_30	0							
4000375	石俑	203623	2	2	0	222	9	3530405	500	500	9000	5	0	10000	0	0	0	5	5	103	500000	0	3	1	0	1	1	0	icon_guaiwu_21	10							
4000376	野猴首领	203617	2	3	0	222	22	3530405	500	500	9000	5	0	100	0	0	0	5	5	103	500000	0	3	1	0	1	1	0	icon_guaiwu_30	10							
4000377	机关兽	203600	2	1	0	224	9	3552985	500	500	9000	5	0	10000	0	0	0	10	5	103	500000	0	2	1	0	1	1	0	icon_guaiwu_30	0							
4000378	机关兽	203600	2	2	0	224	16	3552985	500	500	9000	5	0	10000	0	0	0	5	5	103	500000	0	3	1	0	1	1	0	icon_guaiwu_30	10							
4000379	鼎奴	203402	2	3	0	224	22	3552985	500	500	9000	5	0	100	0	0	0	5	5	103	500000	0	3	1	0	1	1	0	icon_guaiwu_21	10							
4000380	山贼	203000	2	1	0	226	2	3592465	500	500	9000	5	0	0	0	0	0	10	5	103	500000	0	2	1	0	1	1	0	icon_guaiwu_8	0							
4000381	山贼头目	203001	2	2	0	226	9	3592465	500	500	9000	5	0	50	0	0	0	5	5	103	500000	0	3	1	0	1	1	0	icon_guaiwu_8	10							
4000382	神秘侠客	203313	2	3	0	226	22	3592465	500	500	9000	5	0	100	0	0	0	5	5	202	510001;520001	0	3	1	0	1	1	0	icon_guaiwu_8	10							
4000383	利爪燕三	203400	2	1	0	228	2	3622680	500	500	9000	5	0	100	0	0	0	5	5	103	500000	0	3	1	0	1	1	0	icon_guaiwu_8	10							
4000384	利爪燕三	203400	2	2	0	228	9	3622680	500	500	9000	5	0	100	0	0	0	5	5	103	500000	0	3	1	0	1	1	0	icon_guaiwu_8	10							
4000385	利爪燕三	203400	2	3	0	228	106	3622680	500	500	9000	5	0	100	0	0	0	5	5	304	501001;502001;502004	0	3	1	0	1	1	0	icon_guaiwu_8	10							
4000386	单刀兵	203612	2	1	0	230	2	3726800	500	500	9000	5	0	0	0	0	0	5	5	103	500000	0	3	1	0	1	1	0	icon_guaiwu_30	10							
4000387	双斧兵	203612	2	2	0	230	9	3726800	500	500	9000	5	0	50	0	0	0	5	5	103	500000	0	3	1	0	1	1	0	icon_guaiwu_30	10							
4000388	双锤将	203618	2	3	0	230	22	3726800	500	500	9000	5	0	100	0	0	0	5	5	103	500000	0	3	1	0	1	1	0	icon_guaiwu_30	10							
4000389	野蜂	203108	2	1	0	232	2	3767378	500	500	9000	5	0	0	0	0	0	10	5	103	500000	0	1	1	0	1	1	0	icon_guaiwu_16	0							
4000390	石俑	203623	2	2	0	232	9	3767378	500	500	9000	5	0	10000	0	0	0	5	5	103	500000	0	3	1	0	1	1	0	icon_guaiwu_21	10							
4000391	野蜂首领	203618	2	3	0	232	22	3767378	500	500	9000	5	0	100	0	0	0	5	5	103	500000	0	3	1	0	1	1	0	icon_guaiwu_30	10							
4000392	小枪俑	203407	2	1	0	234	9	3872302	500	500	9000	5	0	10000	0	0	0	10	5	103	500000	0	1	1	0	1	1	0	icon_guaiwu_21	0							
4000393	小枪俑	203407	2	2	0	234	16	3872302	500	500	9000	5	0	10000	0	0	0	5	5	103	500000	0	3	1	0	1	1	0	icon_guaiwu_21	10							
4000394	斧奴	203405	2	3	0	234	22	3872302	500	500	9000	5	0	100	0	0	0	5	5	103	500000	0	3	1	0	1	1	0	icon_guaiwu_21	10							
4000395	侍女	203501	2	1	0	236	2	3903250	500	500	9000	5	0	0	0	0	0	10	5	103	500000	0	1	1	0	1	1	0	icon_guaiwu_23	0							
4000396	药奴	203404	2	2	0	236	9	3903250	500	500	9000	5	0	50	0	0	0	5	5	103	500000	0	3	1	0	1	1	0	icon_guaiwu_18	10							
4000397	药奴首领	203625	2	3	0	236	22	3903250	500	500	9000	5	0	100	0	0	0	5	5	103	500000	0	3	1	0	1	1	0	icon_guaiwu_18	10							
4000398	叶双刀	201007	2	1	0	238	2	3944687	500	500	9000	5	0	100	0	0	0	10	5	103	500000	0	1	1	0	1	1	0	icon_guaiwu_26	0							
4000399	叶双刀	201007	2	2	0	238	9	3944687	500	500	9000	5	0	100	0	0	0	5	5	103	500000	0	3	1	0	1	1	0	icon_guaiwu_26	10							
4000400	叶双刀	201007	2	3	0	238	106	3944687	500	500	9000	5	0	100	0	0	0	5	5	201	501001;502001	0	3	1	0	1	1	0	icon_guaiwu_26	10							
4000401	山贼	203000	2	1	0	240	2	3995489	500	500	9000	5	0	0	0	0	0	10	5	103	500000	0	1	1	0	1	1	0	icon_guaiwu_8	0							
4000402	山贼头目	203001	2	2	0	240	9	3995489	500	500	9000	5	0	50	0	0	0	5	5	103	500000	0	3	1	0	1	1	0	icon_guaiwu_8	10							
4000403	山贼首领	203304	2	3	0	240	22	3995489	500	500	9000	5	0	100	0	0	0	5	5	103	500000	0	3	1	0	1	1	0	icon_guaiwu_19	10							
4000404	野猪	203603	2	1	0	242	2	4033718	500	500	9000	5	0	0	0	0	0	10	5	103	500000	0	1	1	0	1	1	0	icon_guaiwu_30	0							
4000405	石俑	203623	2	2	0	242	9	4033718	500	500	9000	5	0	10000	0	0	0	5	5	103	500000	0	3	1	0	1	1	0	icon_guaiwu_21	10							
4000406	野猪首领	203626	2	3	0	242	22	4033718	500	500	9000	5	0	100	0	0	0	5	5	103	500000	0	3	1	0	1	1	0	icon_guaiwu_30	10							
4000407	机关兽	203600	2	1	0	244	9	4084167	500	500	9000	5	0	10000	0	0	0	10	5	103	500000	0	1	1	0	1	1	0	icon_guaiwu_30	0							
4000408	石俑	203623	2	2	0	244	16	4084167	500	500	9000	5	0	10000	0	0	0	5	5	103	500000	0	3	1	0	1	1	0	icon_guaiwu_21	10							
4000409	机关首领	203619	2	3	0	244	22	4084167	500	500	9000	5	0	100	0	0	0	5	5	103	500000	0	3	1	0	1	1	0	icon_guaiwu_30	10							
4000410	单刀兵	203108	2	1	0	246	2	4108078	500	500	9000	5	0	0	0	0	0	10	5	103	500000	0	2	1	0	1	1	0	icon_guaiwu_16	0							
4000411	双斧兵	203106	2	2	0	246	9	4108078	500	500	9000	5	0	50	0	0	0	5	5	103	500000	0	3	1	0	1	1	0	icon_guaiwu_16	10							
4000412	双锤将	203627	2	3	0	246	22	4108078	500	500	9000	5	0	100	0	0	0	5	5	103	500000	0	3	1	0	1	1	0	icon_guaiwu_16	10							
4000413	神秘巨兽	201005	2	1	0	248	2	4134165	500	500	9000	5	0	100	0	0	0	5	5	103	500000	0	3	1	0	1	1	0	icon_guaiwu_30	10							
4000414	神秘巨兽	201005	2	2	0	248	9	4134165	500	500	9000	5	0	100	0	0	0	5	5	103	500000	0	3	1	0	1	1	0	icon_guaiwu_30	10							
4000415	神秘巨兽	201005	2	3	0	248	106	4134165	500	500	9000	5	0	100	0	0	0	5	5	201	501001;502001	0	3	1	0	1	1	0	icon_guaiwu_30	10							
4000416	护卫	203003	2	1	0	250	2	4253153	500	500	9000	5	0	0	0	0	0	5	5	103	500000	0	3	1	0	1	1	0	icon_guaiwu_8	10							
4000417	护卫长	203004	2	2	0	250	9	4253153	500	500	9000	5	0	50	0	0	0	5	5	103	500000	0	3	1	0	1	1	0	icon_guaiwu_8	10							
4000418	护卫首领	203304	2	3	0	250	22	4253153	500	500	9000	5	0	100	0	0	0	5	5	103	500000	0	3	1	0	1	1	0	icon_guaiwu_19	10							
4000419	野狼	203607	2	1	0	252	2	4285612	500	500	9000	5	0	0	0	0	0	5	5	103	500000	0	3	1	0	1	1	0	icon_guaiwu_30	10							
4000420	石俑	203623	2	2	0	252	9	4285612	500	500	9000	5	0	10000	0	0	0	5	5	103	500000	0	3	1	0	1	1	0	icon_guaiwu_21	10							
4000421	野狼首领	203620	2	3	0	252	22	4285612	500	500	9000	5	0	100	0	0	0	5	5	103	500000	0	3	1	0	1	1	0	icon_guaiwu_30	10							
4000422	斧石俑	203405	2	1	0	254	9	4309824	500	500	9000	5	0	10000	0	0	0	5	5	103	500000	0	3	1	0	1	1	0	icon_guaiwu_21	10							
4000423	斧石俑	203405	2	2	0	254	16	4309824	500	500	9000	5	0	10000	0	0	0	5	5	103	500000	0	3	1	0	1	1	0	icon_guaiwu_21	10							
4000424	石俑统帅	203624	2	3	0	254	22	4309824	500	500	9000	5	0	100	0	0	0	5	5	103	500000	0	3	1	0	1	1	0	icon_guaiwu_21	10							
4000425	神秘士兵	203100	2	1	0	256	2	4353488	500	500	9000	5	0	0	0	0	0	10	5	103	500000	0	2	1	0	1	1	0	icon_guaiwu_29	0							
4000426	神秘士兵	203101	2	2	0	256	9	4353488	500	500	9000	5	0	50	0	0	0	5	5	103	500000	0	3	1	0	1	1	0	icon_guaiwu_29	10							
4000427	神秘将军	203102	2	3	0	256	22	4353488	500	500	9000	5	0	100	0	0	0	5	5	201	501002;502002	0	3	1	0	1	1	0	icon_guaiwu_29	10							
4000428	铁面侠	201000	2	1	0	258	2	4377826	500	500	9000	5	0	100	0	0	0	10	5	103	500000	0	2	1	0	1	1	0	icon_boss	0							
4000429	铁面侠	201000	2	2	0	258	9	4377826	500	500	9000	5	0	100	0	0	0	5	5	103	500000	0	3	1	0	1	1	0	icon_boss	10							
4000430	铁面侠	201000	2	3	0	258	106	4377826	500	500	9000	5	0	100	0	0	0	5	5	303	510001;520001;520004;520007	0	3	1	0	1	1	0	icon_boss	10							
4000431	神秘侠士	203306	2	1	0	260	2	4618787	500	500	9000	5	0	0	0	0	0	10	5	103	500000	0	2	1	0	1	1	0	icon_guaiwu_7	0							
4000432	神秘侠士	203307	2	2	0	260	9	4618787	500	500	9000	5	0	50	0	0	0	5	5	103	500000	0	3	1	0	1	1	0	icon_guaiwu_7	10							
4000433	神秘侠客	203301	2	3	0	260	22	4618787	500	500	9000	5	0	100	0	0	0	5	5	103	500000	0	3	1	0	1	1	0	icon_guaiwu_7	10							
4000434	野猴	203608	2	1	0	262	2	4761802	500	500	9000	5	0	0	0	0	0	5	5	103	500000	0	3	1	0	1	1	0	icon_guaiwu_30	10							
4000435	石俑	203623	2	2	0	262	9	4761802	500	500	9000	5	0	10000	0	0	0	5	5	103	500000	0	3	1	0	1	1	0	icon_guaiwu_21	10							
4000436	野猴首领	203617	2	3	0	262	22	4761802	500	500	9000	5	0	100	0	0	0	5	5	103	500000	0	3	1	0	1	1	0	icon_guaiwu_30	10							
4000437	机关兽	203600	2	1	0	264	9	4788795	500	500	9000	5	0	10000	0	0	0	5	5	103	500000	0	3	1	0	1	1	0	icon_guaiwu_30	10							
4000438	机关兽	203600	2	2	0	264	16	4788795	500	500	9000	5	0	10000	0	0	0	5	5	103	500000	0	3	1	0	1	1	0	icon_guaiwu_30	10							
4000439	鼎奴	203402	2	3	0	264	22	4788795	500	500	9000	5	0	100	0	0	0	5	5	103	500000	0	3	1	0	1	1	0	icon_guaiwu_21	10							
4000440	山贼	203000	2	1	0	266	2	4813717	500	500	9000	5	0	0	0	0	0	10	5	103	500000	0	1	1	0	1	1	0	icon_guaiwu_8	0							
4000441	山贼头目	203001	2	2	0	266	9	4813717	500	500	9000	5	0	50	0	0	0	5	5	103	500000	0	3	1	0	1	1	0	icon_guaiwu_8	10							
4000442	神秘侠客	203313	2	3	0	266	22	4813717	500	500	9000	5	0	100	0	0	0	5	5	202	510001;520001	0	3	1	0	1	1	0	icon_guaiwu_8	10							
4000443	剑奴	201002	2	1	0	268	2	4868205	500	500	9000	5	0	100	0	0	0	10	5	103	500000	0	1	1	0	1	1	0	icon_guaiwu_27	0							
4000444	剑奴	201002	2	2	0	268	9	4868205	500	500	9000	5	0	100	0	0	0	5	5	103	500000	0	3	1	0	1	1	0	icon_guaiwu_27	10							
4000445	剑奴	201002	2	3	0	268	106	4868205	500	500	9000	5	0	100	0	0	0	5	5	306	510001;520001;520004	0	3	1	0	1	1	0	icon_guaiwu_27	10							
4000446	单刀兵	203612	2	1	0	270	2	5018485	500	500	9000	5	0	0	0	0	0	10	5	103	500000	0	1	1	0	1	1	0	icon_guaiwu_30	0							
4000447	双斧兵	203612	2	2	0	270	9	5018485	500	500	9000	5	0	50	0	0	0	5	5	103	500000	0	3	1	0	1	1	0	icon_guaiwu_30	10							
4000448	双锤将	203618	2	3	0	270	22	5018485	500	500	9000	5	0	100	0	0	0	5	5	103	500000	0	3	1	0	1	1	0	icon_guaiwu_30	10							
4000449	野蜂	203108	2	1	0	272	2	5059585	500	500	9000	5	0	0	0	0	0	10	5	103	500000	0	1	1	0	1	1	0	icon_guaiwu_16	0							
4000450	石俑	203623	2	2	0	272	9	5059585	500	500	9000	5	0	10000	0	0	0	5	5	103	500000	0	3	1	0	1	1	0	icon_guaiwu_21	10							
4000451	野蜂首领	203618	2	3	0	272	22	5059585	500	500	9000	5	0	100	0	0	0	5	5	103	500000	0	3	1	0	1	1	0	icon_guaiwu_30	10							
4000452	小枪俑	203407	2	1	0	274	9	5106290	500	500	9000	5	0	10000	0	0	0	10	5	103	500000	0	1	1	0	1	1	0	icon_guaiwu_21	0							
4000453	小枪俑	203407	2	2	0	274	16	5106290	500	500	9000	5	0	10000	0	0	0	5	5	103	500000	0	3	1	0	1	1	0	icon_guaiwu_21	10							
4000454	斧奴	203405	2	3	0	274	22	5106290	500	500	9000	5	0	100	0	0	0	5	5	103	500000	0	3	1	0	1	1	0	icon_guaiwu_21	10							
4000455	侍女	203501	2	1	0	276	2	5141086	500	500	9000	5	0	0	0	0	0	10	5	103	500000	0	1	1	0	1	1	0	icon_guaiwu_23	0							
4000456	药奴	203404	2	2	0	276	9	5141086	500	500	9000	5	0	50	0	0	0	5	5	103	500000	0	3	1	0	1	1	0	icon_guaiwu_18	10							
4000457	药奴首领	203625	2	3	0	276	22	5141086	500	500	9000	5	0	100	0	0	0	5	5	103	500000	0	3	1	0	1	1	0	icon_guaiwu_18	10							
4000458	假裁缝	201006	2	1	0	278	2	5168885	500	500	9000	5	0	100	0	0	0	10	5	103	500000	0	1	1	0	1	1	0	icon_guaiwu_1	0							
4000459	假裁缝	201006	2	2	0	278	9	5168885	500	500	9000	5	0	100	0	0	0	5	5	103	500000	0	3	1	0	1	1	0	icon_guaiwu_1	10							
4000460	假裁缝	201006	2	3	0	278	106	5168885	500	500	9000	5	0	100	0	0	0	5	5	201	501001;502001	0	3	1	0	1	1	0	icon_guaiwu_1	10							
8000001	地宫狂猪	203603	2	1	0	1	2	23035.6	500	500	9000	5	0	50	0	0	0	10	3	5000	500000	0	1	1	0	1	1	0	icon_guaiwu_30	0							
8000002	暗夜毒蜂	203616	2	1	0	1	2	23035.6	500	500	9000	5	0	50	0	0	0	10	3	5000	500000	0	1	1	0	1	1	0	icon_guaiwu_30	0							
8000003	失信武者	203002	2	1	0	1	2	23481.2	500	500	9000	5	0	50	0	0	0	10	3	5000	500000	0	1	1	0	1	1	0	icon_guaiwu_8	0							
8000004	狂猪支配者	203105	2	2	0	1	18	1000	500	500	9000	5	0	200	0	0	0	10	3	5000	500000	0	2	1	0	1	1	0	icon_guaiwu_16	0							
8000005	暗夜杀手	203313	2	2	0	1	16	1000	500	500	9000	5	0	200	0	0	0	10	3	5000	501001;501002	0	2	1	0	1	1	0	icon_guaiwu_8	0							
8000006	暗夜主宰	203201	2	2	0	1	17	1000	500	500	9000	5	0	200	0	0	0	10	3	5000	501002;502002	0	2	1	0	1	1	0	icon_guaiwu_28	0							
8000007	特效地刺	210002	2	1	0	1	16	1000	500	500	9000	5	0	0	0	0	0	10	3	5400	700003	0	1	1	1	1	0	0	icon_guaiwu_23	0							
8000008	火柱	210000	2	1	0	1	16	1000	500	500	9000	5	0	0	0	0	0	5	3	5401	700000;700001	0	3	1	1	1	0	0	icon_guaiwu_23	0							
8000009	剧毒支配者	203404	2	3	0	1	22	11925	500	500	9000	5	0	100	0	0	0	5	3	5201	510001;520001;520004	0	3	1	0	1	1	0	icon_guaiwu_18	10							
8000010	失心统治者	203407	2	3	0	1	22	11925	500	500	9000	5	0	100	0	0	0	5	3	5201	510001;520001;520004	0	3	1	0	1	1	0	icon_guaiwu_21	10							
8000011	暗夜狂兽	201005	2	3	0	1	22	11925	500	500	9000	5	0	100	0	0	0	5	3	5302	510003;520003;520006	0	3	1	0	1	1	0	icon_guaiwu_30	10							
8000012	海贼喽啰	203003	2	1	0	1	2	33532.68	500	500	9000	5	0	50	0	0	0	10	3	5000	500000	0	1	1	0	1	1	0	icon_guaiwu_8	0							
8000013	海贼刀兵	203004	2	1	0	1	2	33532.68	500	500	9000	5	0	50	0	0	0	10	3	5000	500000	0	1	1	0	1	1	0	icon_guaiwu_8	0							
8000014	精锐海贼	203108	2	1	0	1	2	33532.68	500	500	9000	5	0	50	0	0	0	10	3	5000	500000	0	1	1	0	1	1	0	icon_guaiwu_16	0							
8000015	喽啰头领	203304	2	2	0	1	18	33532.68	500	500	9000	5	0	200	0	0	0	10	3	5000	500000	0	2	1	0	1	1	0	icon_guaiwu_19	0							
8000016	刀兵头领	203304	2	2	0	1	16	33532.68	500	500	9000	5	0	200	0	0	0	10	3	5000	501001;501002	0	2	1	0	1	1	0	icon_guaiwu_19	0							
8000017	精锐头领	203108	2	2	0	1	17	33532.68	500	500	9000	5	0	200	0	0	0	10	3	5000	501002;502002	0	2	1	0	1	1	0	icon_guaiwu_16	0							
8000018	弩	210004	2	1	0	1	16	10000	500	500	9000	5	0	0	0	0	0	10	3	5400	700003	0	1	1	1	1	0	0	icon_guaiwu_23	0							
8000019	齿轮	210005	2	1	0	1	16	10000	500	500	9000	5	0	0	0	0	0	5	3	5401	700000;700001	0	3	1	1	1	0	0	icon_guaiwu_23	0							
8000020	三当家	203400	2	3	0	1	22	11925	500	500	9000	5	0	100	0	0	0	5	3	5201	510001;520001;520004	0	3	1	0	1	1	0	icon_guaiwu_8	10							
8000021	二当家	201002	2	3	0	1	22	11925	500	500	9000	5	0	100	0	0	0	5	3	5302	510002;520002;520005	0	3	1	0	1	1	0	icon_guaiwu_27	10							
8000022	海贼王路虎	201006	2	3	0	1	22	11925	500	500	9000	5	0	100	0	0	0	5	3	5302	510003;520003;520006	0	3	1	0	1	1	0	icon_guaiwu_1	10							
8000023	大漠青狼	203607	2	1	0	1	2	33532.68	500	500	9000	5	0	50	0	0	0	10	3	5000	500000	0	1	1	0	1	1	0	icon_guaiwu_30	0							
8000024	大漠马贼	203108	2	1	0	1	2	24605.48	500	500	9000	5	0	50	0	0	0	10	3	5000	500000	0	1	1	0	1	1	0	icon_guaiwu_16	0							
8000025	马贼精英	203106	2	1	0	1	2	24605.48	500	500	9000	5	0	50	0	0	0	10	3	5000	500000	0	1	1	0	1	1	0	icon_guaiwu_16	0							
8000026	大漠锤狂	203107	2	2	0	1	18	24605.48	500	500	9000	5	0	200	0	0	0	10	3	5000	500000	0	2	1	0	1	1	0	icon_guaiwu_16	0							
8000027	大漠狂刀	203302	2	2	0	1	16	24605.48	500	500	9000	5	0	200	0	0	0	10	3	5000	501001;501002	0	2	1	0	1	1	0	icon_guaiwu_19	0							
8000028	大漠拳王	203103	2	2	0	1	17	24605.48	500	500	9000	5	0	200	0	0	0	10	3	5000	501002;502002	0	2	1	0	1	1	0	icon_guaiwu_5	0							
8000029	弩	210004	2	1	0	1	16	10000	500	500	9000	5	0	0	0	0	0	10	3	5400	700003	0	1	1	1	1	0	0	icon_guaiwu_23	0							
8000030	齿轮	210005	2	1	0	1	16	10000	500	500	9000	5	0	0	0	0	0	5	3	5401	700000;700001	0	3	1	1	1	0	0	icon_guaiwu_23	0							
8000031	红鹰宠物	201001	2	3	0	1	22	11925	500	500	9000	5	0	100	0	0	0	5	3	5201	510001;520001;520004	0	3	1	0	1	1	0	icon_guaiwu_9	10							
8000032	大漠飞爪	201000	2	3	0	1	22	11925	500	500	9000	5	0	100	0	0	0	5	3	5302	510002;520002;520005	0	3	1	0	1	1	0	icon_boss	10							
8000033	大漠红鹰	201007	2	3	0	1	22	11925	500	500	9000	5	0	100	0	0	0	5	3	5302	510003;520003;520006	0	3	1	0	1	1	0	icon_guaiwu_26	10							
8000034	丛林毒蜂	203615	2	1	0	1	2	18736	500	500	9000	5	0	50	0	0	0	10	3	5000	500000	0	1	1	0	1	1	0	icon_guaiwu_30	0							
8000035	丛林野猴	203610	2	1	0	1	2	18736	500	500	9000	5	0	50	0	0	0	10	3	5000	500000	0	1	1	0	1	1	0	icon_guaiwu_30	0							
8000036	丛林猛虎	203622	2	1	0	1	2	18736	500	500	9000	5	0	50	0	0	0	10	3	5000	500000	0	1	1	0	1	1	0	icon_guaiwu_30	0							
8000037	丛林剑客	203301	2	2	0	1	18	18736	500	500	9000	5	0	200	0	0	0	10	3	5000	500000	0	2	1	0	1	1	0	icon_guaiwu_7	0							
8000038	丛林剑手	203314	2	2	0	1	16	18736	500	500	9000	5	0	200	0	0	0	10	3	5000	501001;501002	0	2	1	0	1	1	0	icon_guaiwu_24	0							
8000039	剑客头领	203309	2	2	0	1	17	77027.0248	500	500	9000	5	0	200	0	0	0	10	3	5000	501002;502002	0	2	1	0	1	1	0	icon_guaiwu_6	0							
8000040	弩	210004	2	1	0	1	16	10000	500	500	9000	5	0	0	0	0	0	10	3	5400	700003	0	1	1	1	1	0	0	icon_guaiwu_23	0							
8000041	齿轮	210005	2	1	0	1	16	10000	500	500	9000	5	0	0	0	0	0	5	3	5401	700000;700001	0	3	1	1	1	0	0	icon_guaiwu_23	0							
8000042	无义剑	203304	2	3	0	1	22	11925	500	500	9000	5	0	100	0	0	0	5	3	5201	510001;520001;520004	0	3	1	0	1	1	0	icon_guaiwu_19	10							
8000043	屠千刃	201003	2	3	0	1	22	11925	500	500	9000	5	0	100	0	0	0	5	3	5302	510002;520002;520005	0	3	1	0	1	1	0	icon_guaiwu_12	10							
8000044	疾风拐	201004	2	3	0	1	22	11925	500	500	9000	5	0	100	0	0	0	5	3	5302	510003;520003;520006	0	3	1	0	1	1	0	icon_guaiwu_10	10							
9000000	山贼头目	203000	2	2	0	1	1	1000	500	500	9000	5	0	50	0	0	0	10	5	103	500000	0	2	1	0	1	1	0	icon_guaiwu_8	0							
9000001	山贼喽喽	203001	2	1	0	1	2	10342	500	500	9000	5	0	0	0	0	0	10	5	103	500000	0	1	1	0	1	1	0	icon_guaiwu_8	0							
9000002	山贼头目	203000	2	2	0	1	1	1000	500	500	9000	5	0	50	0	0	0	10	5	103	500000	0	2	1	0	1	1	0	icon_guaiwu_8	0							
9000003	山贼喽喽	203001	2	1	0	1	2	10392	500	500	9000	5	0	0	0	0	0	10	5	103	500000	0	1	1	0	1	1	0	icon_guaiwu_8	0							
9000004	山贼头目	203000	2	2	0	1	1	1000	500	500	9000	5	0	50	0	0	0	10	5	103	500000	0	2	1	0	1	1	0	icon_guaiwu_8	0							
9000005	山贼喽喽	203001	2	1	0	1	2	10442	500	500	9000	5	0	0	0	0	0	10	5	103	500000	0	1	1	0	1	1	0	icon_guaiwu_8	0							
